1884721.0000	798.02
1978969.0000	1248.22
1978969.0000	1292.30
1978969.0000	2427.70
1978969.0000	3096.83
1978969.0000	4209.38
1978969.0000	4211.76
1978969.0000	4213.73
1978969.0000	4302.96
1978969.0000	4311.65
1978969.0000	4339.14
1978969.0000	4342.57
1978969.0000	4352.78
1978969.0000	4400.80
1978969.0000	4513.91
1978969.0000	4554.94
1978969.0000	4563.78
1978969.0000	4615.69
1978969.0000	4625.14
1978969.0000	4689.74
1978969.0000	4698.85
1978969.0000	4714.11
1978969.0000	4945.62
1978969.0000	5017.13
1978969.0000	5040.56
1978969.0000	5048.21
1978969.0000	5051.02
1978969.0000	5065.24
1978969.0000	5081.78
1978969.0000	5099.26
1978969.0000	5190.70
1978969.0000	5208.68
1978969.0000	5236.25
1978969.0000	5322.10
1978969.0000	5364.18
1978969.0000	5384.22
1978969.0000	5456.56
1978969.0000	5477.34
1978969.0000	5565.84
1978969.0000	5568.34
1978969.0000	5587.84
1978969.0000	5610.59
1978969.0000	5623.53
1978969.0000	5637.01
1978969.0000	5644.08
1978969.0000	5652.69
1978969.0000	5655.53
1978969.0000	5657.04
1978969.0000	5672.01
1978969.0000	5684.20
1978969.0000	5692.71
1978969.0000	5708.20
1978969.0000	6345.15
1978969.0000	6363.44
1978969.0000	6441.68
1978969.0000	6472.15
1978969.0000	6490.82
1978969.0000	6508.84
1978969.0000	6525.80
1978969.0000	6557.07
1978969.0000	6566.22
1978969.0000	6638.37
1978969.0000	6641.27
1978969.0000	6753.65
1978969.0000	6783.41
1978969.0000	6788.04
1978969.0000	6811.99
1978969.0000	6825.18
1978969.0000	6894.44
1978969.0000	6915.01
1978969.0000	6932.94
1978969.0000	6951.55
1978969.0000	6969.20
1978969.0000	6996.39
1978969.0000	7001.15
1978969.0000	7027.93
1978969.0000	7035.36
1978969.0000	7036.90
1978969.0000	7046.72
1978969.0000	7069.94
1978969.0000	7088.37
1978969.0000	7862.76
1978969.0000	7917.18
1978969.0000	7928.05
1978969.0000	7953.57
1978969.0000	7954.89
1978969.0000	7955.74
1978969.0000	7974.09
1978969.0000	7975.78
1978969.0000	7986.79
1978969.0000	7994.42
1978969.0000	8015.03
1978969.0000	8039.01
1978969.0000	8051.74
1978969.0000	8060.25
1978969.0000	8103.21
1978969.0000	8114.60
1978969.0000	8120.61
1978969.0000	8126.31
1978969.0000	8127.18
1978969.0000	8139.27
1978969.0000	8197.40
1978969.0000	8290.78
1978969.0000	8306.40
1978969.0000	8323.40
1978969.0000	8334.05
1978969.0000	8390.38
1978969.0000	8410.84
1978969.0000	8414.56
1978969.0000	8466.54
1978969.0000	8511.32
1978969.0000	8526.76
1978969.0000	8553.23
1978969.0000	8569.23
1978969.0000	8592.50
1978969.0000	8889.95
1978969.0000	8904.04
1978969.0000	8913.37
1978969.0000	8923.22
1978969.0000	8936.24
1978969.0000	8942.17
1978969.0000	8949.92
1978969.0000	8957.34
1978969.0000	8977.15
1978969.0000	8991.82
1978969.0000	8998.43
1978969.0000	9005.71
1978969.0000	9012.25
1978969.0000	9021.84
1978969.0000	9030.40
1978969.0000	9037.67
1978969.0000	9052.95
1978969.0000	9060.61
1978969.0000	9081.01
1978969.0000	9084.56
1978969.0000	9091.78
1978969.0000	9096.37
1978969.0000	9105.93
1978969.0000	9111.27
1978969.0000	9116.29
1978969.0000	9121.43
1978969.0000	9126.75
1978969.0000	9133.86
1978969.0000	9138.91
1978969.0000	9143.77
1978969.0000	9146.86
1978969.0000	9150.34
1978969.0000	9153.58
1978969.0000	9159.10
1978969.0000	9162.85
1978969.0000	9171.51
1978969.0000	9176.23
1978969.0000	9179.31
1978969.0000	9183.55
1978969.0000	9194.50
1978969.0000	9198.60
1978969.0000	9204.08
1978969.0000	9207.70
1978969.0000	9212.76
1978969.0000	9215.83
1978969.0000	9222.64
1978969.0000	9227.72
1978969.0000	9235.41
1978969.0000	9239.28
1978969.0000	9246.60
1978969.0000	9252.49
1978969.0000	9255.82
1978969.0000	9261.08
1978969.0000	9264.73
1978969.0000	9268.70
1978969.0000	9271.10
1978969.0000	9275.62
1978969.0000	9280.53
1978969.0000	9287.57
1978969.0000	9290.56
1978969.0000	9295.89
1978969.0000	9298.59
1978969.0000	9301.87
1978969.0000	9305.75
1978969.0000	9312.03
1978969.0000	9315.28
1978969.0000	9321.98
1978969.0000	9328.63
1978969.0000	9332.73
1978969.0000	9335.83
1978969.0000	9338.96
1978969.0000	9341.49
1978969.0000	9346.21
1978969.0000	9350.74
1978969.0000	9355.94
1978969.0000	9358.91
1978969.0000	9361.33
1978969.0000	9366.66
1978969.0000	9370.00
1978969.0000	9372.81
1978969.0000	9381.86
1978969.0000	9395.20
1978969.0000	9398.87
1978969.0000	9407.52
1978969.0000	9410.61
1978969.0000	9414.11
1978969.0000	9418.65
1978969.0000	9421.69
1978969.0000	9427.89
1978969.0000	9431.63
1978969.0000	9437.84
1978969.0000	9442.55
1978969.0000	9449.70
1978969.0000	9454.65
1978969.0000	9457.47
1978969.0000	9467.61
1978969.0000	9469.99
1978969.0000	9478.93
1978969.0000	9482.77
1978969.0000	9487.72
1978969.0000	9490.81
1978969.0000	9494.10
1978969.0000	9497.32
1978969.0000	9503.91
1978969.0000	9507.01
2129088.0000	9512.59
2129088.0000	9512.59
2129088.0000	9515.55
2129088.0000	9521.74
2129088.0000	9525.00
2129088.0000	9534.94
2129088.0000	9537.73
2129088.0000	9544.83
2129088.0000	9553.53
2129088.0000	9555.98
2129088.0000	9563.34
2129088.0000	9567.31
2129088.0000	9575.76
2129088.0000	9580.15
2129088.0000	9583.60
2129088.0000	9586.50
2129088.0000	9590.20
2129088.0000	9593.05
2129088.0000	9596.23
2129088.0000	9602.53
2129088.0000	9605.18
2129088.0000	9608.27
2129088.0000	9613.56
2129088.0000	9618.81
2129088.0000	9624.44
2129088.0000	9626.97
2129088.0000	9631.34
2129088.0000	9643.13
2129088.0000	9648.79
2129088.0000	9652.37
2129088.0000	9659.11
2129088.0000	9662.27
2129088.0000	9668.72
2129088.0000	9671.49
2129088.0000	9676.90
2129088.0000	9682.09
2129088.0000	9686.60
2129088.0000	9689.51
2129088.0000	9692.28
2129088.0000	9694.94
2129088.0000	9698.33
2129088.0000	9701.02
2129088.0000	9704.41
2129088.0000	9707.08
2129088.0000	9709.80
2129088.0000	9712.42
2129088.0000	9716.01
2129088.0000	9720.96
2129088.0000	9727.20
2129088.0000	9730.00
2129088.0000	9734.68
2129088.0000	9737.41
2129088.0000	9742.68
2129088.0000	9745.87
2129088.0000	9752.49
2129088.0000	9756.07
2129088.0000	9760.17
2129088.0000	9764.93
2129088.0000	9767.09
2129088.0000	9770.44
2129088.0000	9773.80
2129088.0000	9777.15
2129088.0000	9780.51
2129088.0000	9783.97
2129088.0000	9788.50
2129088.0000	9791.12
2129088.0000	9793.43
2129088.0000	9795.60
2162937.0000	9796.73
2162937.0000	9798.05
2162937.0000	9800.88
2258987.0000	9803.69
2258987.0000	9803.69
2258987.0000	9805.63
2258987.0000	9807.52
2337171.0000	9808.44
2500717.0000	9810.09
2500717.0000	9839.56
2500717.0000	9862.92
2500717.0000	9887.24
2500717.0000	10023.21
2500717.0000	10039.17
2500717.0000	10056.85
2500717.0000	10203.57
2500717.0000	10310.06
2500717.0000	10329.93
2500717.0000	10345.65
2500717.0000	10359.92
2500717.0000	10429.93
2500717.0000	10451.52
2500717.0000	10471.59
2500717.0000	10483.37
2500717.0000	10508.19
2500717.0000	10520.83
2500717.0000	10543.66
2500717.0000	10557.40
2500717.0000	10620.39
2500717.0000	10634.79
2500717.0000	10716.19
2500717.0000	10733.03
2500717.0000	10744.99
2500717.0000	10757.90
2500717.0000	10840.30
2500717.0000	10903.77
2500717.0000	10974.19
2500717.0000	10992.62
2500717.0000	11000.08
2500717.0000	11041.40
2500717.0000	11049.73
2500717.0000	11055.78
2500717.0000	11065.53
2500717.0000	11080.21
2500717.0000	11094.68
2500717.0000	11108.84
2500717.0000	11119.97
2500717.0000	11131.27
2500717.0000	11141.98
2500717.0000	11163.68
2500717.0000	11176.02
2500717.0000	11188.97
2500717.0000	11202.35
2500717.0000	11208.66
2500717.0000	11225.16
2500717.0000	11233.62
2500717.0000	11239.38
2500717.0000	11253.45
2500717.0000	11259.52
2500717.0000	11276.01
2500717.0000	11279.18
2500717.0000	11287.56
2500717.0000	11299.75
2500717.0000	11302.48
2500717.0000	11310.00
2500717.0000	11312.88
2500717.0000	11315.71
2500717.0000	11318.55
2500717.0000	11324.76
2500717.0000	11327.64
2500717.0000	11335.76
2500717.0000	11344.05
2500717.0000	11351.59
2500717.0000	11354.58
2500717.0000	11357.77
2500717.0000	11362.44
2500717.0000	11365.22
2500717.0000	11369.91
2500717.0000	11381.22
2500717.0000	11386.75
2500717.0000	11395.11
2500717.0000	11409.45
2500717.0000	11417.05
2500717.0000	11427.97
2500717.0000	11444.73
2500717.0000	11450.96
2500717.0000	11464.24
2500717.0000	11468.58
2500717.0000	11475.81
2500717.0000	11483.21
2500717.0000	11508.89
2500717.0000	11518.77
2500717.0000	11525.86
2500717.0000	11603.55
2501524.0000	11629.96
2501524.0000	11630.13
2502210.0000	11745.66
2502233.0000	11755.57
2502233.0000	11755.79
2502233.0000	13427.29
2502233.0000	14378.78
2502233.0000	15131.54
2502233.0000	16237.29
2502233.0000	17011.08
2502233.0000	17040.78
2502233.0000	17047.13
2502233.0000	17079.85
2502233.0000	17082.73
2502233.0000	17136.74
2502233.0000	17675.44
2502233.0000	17708.26
2502233.0000	17736.97
2502233.0000	17875.71
2502233.0000	17883.43
2502233.0000	17914.83
2502233.0000	17944.24
2502233.0000	17969.02
2502233.0000	18053.39
2502233.0000	18055.88
2502233.0000	18138.20
2502233.0000	18157.69
2502233.0000	18180.16
2502233.0000	18180.92
2502233.0000	18188.01
2502233.0000	18225.31
2502233.0000	18264.60
2502233.0000	18306.87
2502233.0000	18314.77
2502233.0000	18392.47
2502233.0000	19323.67
2502233.0000	19356.48
2502233.0000	19379.10
2502233.0000	19418.00
2502233.0000	19435.68
2502233.0000	19456.32
2502233.0000	19465.73
2502233.0000	19587.42
2502233.0000	19611.21
2502233.0000	19617.85
2502233.0000	19668.35
2502233.0000	19672.41
2502233.0000	19683.76
2502233.0000	19685.61
2502233.0000	19696.80
2502233.0000	19702.30
2502233.0000	19709.49
2502233.0000	19712.11
2502233.0000	19714.71
2502233.0000	19764.22
2502233.0000	19783.48
2502233.0000	19832.99
2502233.0000	19859.44
2502233.0000	19879.44
2502233.0000	19915.52
2502233.0000	19934.22
2502233.0000	20088.47
2502233.0000	20132.13
2502233.0000	20145.57
2502233.0000	21726.12
2502233.0000	21734.01
2502233.0000	21757.20
2502233.0000	21771.81
2502233.0000	21846.33
2502233.0000	21879.05
2502233.0000	21980.31
2502233.0000	21983.95
2502233.0000	22036.70
2502233.0000	22047.34
2502233.0000	22049.16
2502233.0000	22064.98
2502233.0000	22072.38
2502233.0000	22103.05
2502233.0000	22113.58
2502233.0000	22131.50
2502233.0000	22263.47
2502233.0000	22299.67
2502233.0000	22374.22
2502233.0000	22390.69
2502233.0000	22472.65
2502233.0000	22495.13
2502233.0000	22915.01
2502233.0000	22929.46
2502233.0000	22948.48
2502233.0000	22959.73
2502233.0000	23015.29
2502233.0000	23025.12
2502233.0000	23030.86
2502233.0000	23086.68
2502233.0000	23095.07
2502233.0000	23128.52
2502233.0000	23146.22
2502233.0000	23155.68
2502233.0000	23198.88
2502233.0000	23218.08
2502233.0000	23319.20
2502233.0000	23346.42
2502233.0000	23358.32
2502233.0000	23438.25
2502233.0000	23752.96
2502233.0000	23765.75
2502233.0000	23783.20
2502233.0000	23793.93
2502233.0000	23812.34
2502233.0000	23833.85
2502233.0000	23841.76
2502233.0000	23846.21
2502233.0000	23857.93
2502233.0000	23861.14
2502233.0000	23866.89
2502233.0000	23874.54
2502233.0000	23886.27
2502233.0000	23891.15
2502233.0000	23904.27
2502233.0000	23919.90
2502233.0000	23950.73
2502233.0000	23959.02
2502233.0000	23973.50
2502233.0000	23980.27
2502233.0000	23986.50
2502233.0000	23993.49
2502233.0000	23997.59
2502233.0000	24005.66
2502233.0000	24012.69
2502233.0000	24020.70
2502233.0000	24027.78
2502233.0000	24041.43
2502233.0000	24046.36
2502233.0000	24056.38
2502233.0000	24061.76
2502233.0000	24074.07
2502233.0000	24080.64
2502233.0000	24087.78
2502233.0000	24097.33
2502233.0000	24104.85
2502233.0000	24111.33
2502233.0000	24116.25
2502233.0000	24122.36
2502233.0000	24128.97
2502233.0000	24134.78
2502233.0000	24138.57
2502233.0000	24148.73
2502233.0000	24152.55
2502233.0000	24162.14
2502233.0000	24169.26
2502233.0000	24174.75
2502233.0000	24187.96
2502233.0000	24190.77
2502233.0000	24195.53
2502233.0000	24218.30
2502233.0000	24221.12
2502233.0000	24225.81
2502233.0000	24242.01
2502233.0000	24245.14
2502233.0000	24249.01
2502233.0000	24252.52
2502233.0000	24257.62
2502233.0000	24271.45
2502233.0000	24274.66
2502233.0000	24277.56
2502233.0000	24281.66
2502233.0000	24284.63
2502233.0000	24287.87
2502233.0000	24304.50
2502581.0000	24308.30
2502581.0000	24308.33
2502581.0000	24328.30
2502581.0000	24341.17
2502581.0000	24355.66
2502581.0000	24370.71
2502581.0000	24384.40
2502581.0000	24401.68
2502581.0000	24414.28
2502581.0000	24432.51
2502581.0000	24439.64
2502581.0000	24443.88
2502581.0000	24459.95
2502581.0000	24470.23
2502581.0000	24484.92
2502581.0000	24499.46
2502581.0000	24508.10
2502581.0000	24519.98
2502581.0000	24536.61
2502581.0000	24554.74
2502581.0000	24571.13
2502581.0000	24574.17
2502581.0000	24581.83
2502581.0000	24595.02
2502581.0000	24611.48
2502581.0000	24615.24
2502581.0000	24627.16
2502581.0000	24639.12
2502581.0000	24651.13
2502581.0000	24659.92
2502581.0000	24668.86
2502581.0000	24679.73
2502581.0000	24691.08
2502581.0000	24752.47
2502581.0000	24764.70
2502581.0000	24778.22
2502581.0000	24791.33
2502581.0000	24802.58
2502581.0000	24814.60
2502581.0000	24826.79
2502581.0000	24830.07
2502581.0000	24835.73
2502581.0000	24839.01
2502581.0000	24843.12
2502581.0000	24846.47
2502581.0000	24850.52
2502581.0000	24871.12
2502581.0000	24876.67
2502581.0000	24880.72
2502581.0000	24893.04
2502581.0000	24926.31
2502581.0000	24935.50
2502581.0000	24938.47
2502581.0000	24949.34
2502581.0000	25005.43
2502581.0000	25018.64
2502581.0000	25023.23
2502581.0000	25036.79
2502581.0000	25041.27
2502581.0000	25066.50
2502581.0000	25117.77
2502581.0000	25120.95
2502581.0000	25124.60
2502581.0000	25127.71
2502581.0000	25131.60
2502581.0000	25135.09
2502581.0000	25143.93
2502581.0000	25148.79
2502581.0000	25164.10
2502581.0000	25172.81
2502581.0000	25176.02
2502581.0000	25181.28
2502581.0000	25189.38
2502581.0000	25192.15
2502581.0000	25195.16
2502581.0000	25216.71
2502581.0000	25221.88
2502581.0000	25227.78
2502581.0000	25231.21
2502581.0000	25249.72
2502581.0000	25253.55
2502581.0000	25268.25
2502581.0000	25288.79
2502581.0000	25292.11
2502581.0000	25295.51
2502581.0000	25319.00
2502581.0000	25322.17
2502581.0000	25340.35
2502581.0000	25357.10
2502581.0000	25359.91
2502581.0000	25363.90
2502581.0000	25367.30
2502581.0000	25370.27
2502581.0000	25373.27
2502581.0000	25384.25
2502581.0000	25390.88
2502581.0000	25395.17
2502581.0000	25398.14
2502581.0000	25415.61
2502581.0000	25420.21
2502581.0000	25440.98
2502581.0000	25454.49
2502581.0000	25457.57
2502581.0000	25462.01
2502581.0000	25476.72
2502581.0000	25480.86
2502581.0000	25487.75
2502581.0000	25490.63
2502581.0000	25504.04
2502581.0000	25515.35
2502581.0000	25530.28
2502581.0000	25547.53
2502581.0000	25550.60
2502581.0000	25567.28
2502581.0000	25570.97
2502581.0000	25581.38
2502581.0000	25585.02
2502581.0000	25588.15
2502581.0000	25591.45
2502581.0000	25608.63
2502581.0000	25612.06
2502581.0000	25618.60
2502581.0000	25626.09
2502581.0000	25635.84
2502581.0000	25643.74
2502581.0000	25650.88
2502581.0000	25654.18
2502581.0000	25657.91
2502581.0000	25662.75
2502581.0000	25666.08
2502581.0000	25669.42
2502581.0000	25695.22
2502581.0000	25712.02
2502581.0000	25717.74
2502581.0000	25721.06
2502581.0000	25734.46
2502581.0000	25744.83
2502581.0000	25748.88
2502581.0000	25754.60
2502581.0000	25773.43
2502581.0000	25779.48
2502581.0000	25783.41
2502581.0000	25786.96
2502581.0000	25804.20
2502581.0000	25807.75
2502581.0000	25815.44
2502581.0000	25820.83
2502581.0000	25825.53
2502581.0000	25893.52
2502581.0000	25897.46
2502581.0000	25900.80
2502581.0000	25909.26
2502581.0000	25912.87
2502581.0000	25919.40
2502581.0000	25933.03
2502581.0000	25936.26
2502581.0000	25941.77
2502581.0000	25948.30
2502581.0000	25957.14
2502581.0000	25961.73
2502581.0000	25968.80
2502581.0000	25976.39
2502581.0000	25980.39
2502581.0000	25983.69
2502581.0000	25991.99
2502581.0000	25995.04
2502581.0000	26003.36
2502581.0000	26007.51
2502581.0000	26011.64
2502581.0000	26022.26
2502581.0000	26030.18
2502581.0000	26033.33
2502581.0000	26037.60
2502581.0000	26045.31
2502581.0000	26050.31
2502581.0000	26059.34
2502581.0000	26063.21
2502581.0000	26066.21
2502581.0000	26073.32
2502581.0000	26076.79
2502581.0000	26080.72
2502581.0000	26084.30
2502581.0000	26089.52
2502581.0000	26094.96
2502581.0000	26098.90
2502581.0000	26103.06
2502581.0000	26107.08
2502581.0000	26111.41
2502581.0000	26116.50
2502581.0000	26122.65
2502581.0000	26130.11
2502581.0000	26133.26
2502581.0000	26138.99
2502581.0000	26143.92
2502581.0000	26154.59
2502581.0000	26158.98
2502581.0000	26333.08
2502581.0000	26338.58
2502581.0000	26341.56
2502581.0000	26348.34
2502581.0000	26353.75
2502581.0000	26360.49
2502581.0000	26364.50
2502581.0000	26368.28
2502581.0000	26375.44
2502581.0000	26381.59
2502581.0000	26385.94
2502581.0000	26391.37
2502581.0000	26403.25
2502581.0000	26408.33
2502581.0000	26411.34
2502581.0000	26415.43
2502581.0000	26422.69
2502581.0000	26428.81
2502581.0000	26432.46
2502581.0000	26436.30
2502581.0000	26444.71
2502581.0000	26449.81
2502581.0000	26454.74
2502581.0000	26458.23
2502581.0000	26461.52
2502581.0000	26465.38
2502581.0000	26469.49
2502581.0000	26472.99
2502581.0000	26478.33
2502581.0000	26482.43
2502581.0000	26486.84
2502581.0000	26491.66
2502581.0000	26497.53
2502581.0000	26501.06
2502581.0000	26504.57
2502581.0000	26508.09
2502581.0000	26511.45
2502581.0000	26515.68
2502581.0000	26527.50
2502581.0000	26530.44
2502581.0000	26533.97
2502581.0000	26537.29
2502581.0000	26540.65
2502581.0000	26548.01
2502581.0000	26705.11
2502581.0000	26713.11
2502581.0000	26787.92
2502581.0000	26792.82
2502581.0000	26797.31
2502581.0000	26808.66
2502581.0000	26816.81
2502581.0000	26820.68
2502581.0000	26836.00
2502581.0000	26844.50
2502581.0000	26849.30
2502581.0000	26898.83
2502581.0000	26902.32
2502581.0000	26906.46
2502581.0000	26950.50
2502581.0000	26957.02
2502581.0000	26966.31
2502581.0000	26979.28
2502581.0000	26992.64
2502581.0000	26997.56
2502581.0000	27002.65
2502581.0000	27041.35
2502581.0000	27069.91
2502581.0000	27079.71
2502581.0000	27096.33
2502581.0000	27116.18
2502581.0000	27131.61
2502581.0000	27154.95
2502581.0000	27160.03
2502581.0000	27165.14
2502581.0000	27170.78
2502581.0000	27175.79
2502581.0000	27186.37
2502581.0000	27193.36
2502581.0000	27211.77
2502581.0000	27217.55
2502581.0000	27241.88
2502581.0000	27245.79
2502581.0000	27249.23
2502581.0000	27268.51
2502581.0000	27273.44
2502581.0000	27276.22
2502581.0000	27281.74
2502581.0000	27288.27
2502581.0000	27299.71
2502581.0000	27303.19
2502581.0000	27310.07
2502581.0000	27314.10
2502581.0000	27316.88
2502581.0000	27325.52
2502581.0000	27336.96
2502581.0000	27339.87
2502581.0000	27346.60
2502581.0000	27350.46
2502581.0000	27359.76
2502581.0000	27366.99
2502581.0000	27369.78
2502581.0000	27372.88
2502581.0000	27379.19
2502581.0000	27383.62
2502581.0000	27394.27
2502581.0000	27446.34
2502581.0000	27460.05
2502581.0000	27464.16
2502581.0000	27470.90
2502581.0000	27473.72
2502581.0000	27483.88
2502581.0000	27496.96
2502581.0000	27501.01
2502581.0000	27510.93
2502581.0000	27514.83
2502581.0000	27517.68
2502581.0000	27521.22
2502581.0000	27524.64
2502581.0000	27532.22
2502581.0000	27545.60
2502581.0000	27557.53
2502581.0000	27564.14
2502581.0000	27572.14
2502581.0000	27575.15
2502581.0000	27584.35
2502581.0000	27593.55
2502581.0000	27602.66
2502581.0000	27611.05
2502581.0000	27619.68
2502581.0000	27624.19
2502581.0000	27627.15
2502581.0000	27636.73
2502581.0000	27646.76
2502581.0000	27656.51
2502581.0000	27664.84
2502581.0000	27670.17
2502581.0000	27673.36
2502581.0000	27677.26
2502581.0000	27685.59
2502581.0000	27691.39
2502581.0000	27695.75
2502581.0000	27699.50
2502581.0000	27703.28
2502581.0000	27710.06
2502581.0000	27714.97
2502581.0000	27720.23
2502581.0000	27777.11
2502581.0000	27781.20
2502581.0000	27785.50
2502581.0000	27791.09
2502581.0000	27795.10
2502581.0000	27804.08
2502581.0000	27810.62
2502581.0000	27816.58
2502581.0000	27820.06
2502581.0000	27826.58
2502581.0000	27833.92
2502581.0000	27837.84
2502581.0000	27842.14
2502581.0000	27847.19
2502581.0000	27851.16
2502581.0000	27858.39
2502581.0000	27862.77
2502581.0000	27869.00
2502581.0000	27872.43
2502581.0000	27880.98
2502581.0000	27888.50
2502581.0000	27893.54
2502581.0000	27896.85
2502581.0000	27901.83
2502581.0000	27905.14
2502581.0000	27916.97
2502581.0000	27920.93
2502581.0000	27924.68
2502581.0000	27930.68
2502581.0000	27938.58
2502581.0000	27944.70
2502581.0000	27953.18
2502581.0000	27967.96
2502581.0000	27974.23
2502581.0000	27985.42
2502581.0000	27992.80
2502581.0000	27998.07
2502581.0000	28006.30
2502581.0000	28009.94
2502581.0000	28019.72
2502581.0000	28024.45
2502581.0000	28028.75
2502581.0000	28032.55
2502581.0000	28039.49
2502581.0000	28043.58
2502581.0000	28049.41
2502581.0000	28055.31
2502581.0000	28059.41
2502581.0000	28067.46
2502581.0000	28073.65
2502581.0000	28091.53
2502581.0000	28096.84
2502581.0000	28105.12
2502581.0000	28110.77
2502581.0000	28123.21
2502581.0000	28132.08
2502581.0000	28134.98
2502581.0000	28145.58
2502581.0000	28150.91
2502581.0000	28154.15
2502581.0000	28160.88
2502581.0000	28172.06
2502581.0000	28175.31
2502581.0000	28186.07
2502581.0000	28189.47
2502581.0000	28198.56
2502581.0000	28208.57
2502581.0000	28217.18
2502581.0000	28221.23
2502581.0000	28226.57
2502581.0000	28237.62
2502581.0000	28244.26
2502581.0000	28251.56
2502581.0000	28258.83
2502581.0000	28264.68
2502581.0000	28269.14
2502581.0000	28299.26
2502581.0000	28309.13
2502581.0000	28313.80
2502581.0000	28318.76
2502581.0000	28322.94
2502581.0000	28338.35
2502581.0000	28343.18
2502581.0000	28347.11
2502581.0000	28352.71
2502581.0000	28361.11
2502581.0000	28368.39
2502581.0000	28374.71
2502581.0000	28385.55
2502581.0000	28391.93
2502581.0000	28395.08
2502581.0000	28399.31
2502581.0000	28405.39
2502581.0000	28410.61
2502581.0000	28419.55
2502581.0000	28425.74
2502581.0000	28431.68
2502581.0000	28439.24
2502581.0000	28448.42
2502581.0000	28454.52
2502581.0000	28458.83
2502581.0000	28463.48
2502581.0000	28476.14
2502581.0000	28483.16
2502581.0000	28487.32
2502581.0000	28490.60
2502581.0000	28493.81
2502581.0000	28507.18
2502581.0000	28518.03
2502581.0000	28526.00
2502581.0000	28529.11
2502581.0000	28534.32
2502581.0000	28539.58
2502581.0000	28546.43
2502581.0000	28553.35
2502581.0000	28560.92
2502581.0000	28570.93
2502581.0000	28578.91
2502581.0000	28587.25
2502581.0000	28592.59
2502581.0000	28601.35
2502581.0000	28606.64
2502581.0000	28615.65
2502581.0000	28618.82
2502581.0000	28627.40
2502581.0000	28695.17
2502581.0000	28704.66
2502581.0000	28720.48
2502581.0000	28734.62
2502581.0000	28744.66
2502581.0000	28753.53
2502581.0000	28758.05
2502581.0000	28764.71
2502581.0000	28768.30
2502581.0000	28775.55
2502581.0000	28781.42
2502581.0000	28784.35
2502581.0000	28789.55
2502581.0000	28794.32
2502581.0000	28802.49
2502581.0000	28807.08
2502581.0000	28811.32
2502581.0000	28815.11
2502581.0000	28820.66
2502581.0000	28827.21
2502581.0000	28833.05
2502581.0000	28836.90
2502581.0000	28842.55
2502581.0000	28852.35
2502581.0000	28856.77
2502581.0000	28861.43
2502581.0000	28865.78
2502581.0000	28869.75
2502581.0000	28878.37
2502581.0000	28883.17
2502581.0000	28888.50
2502581.0000	28891.66
2502581.0000	28907.62
2502581.0000	28910.93
2502581.0000	28914.13
2502581.0000	28918.29
2502581.0000	28926.92
2502581.0000	28932.70
2502581.0000	28942.00
2502581.0000	28951.82
2502581.0000	28957.74
2502581.0000	28961.13
2502581.0000	28970.28
2502581.0000	28983.28
2502581.0000	28991.99
2502581.0000	29014.03
2502581.0000	29020.73
2502581.0000	29027.56
2502581.0000	29034.89
2502581.0000	29042.67
2502581.0000	29046.90
2502581.0000	29057.89
2502581.0000	29064.39
2502581.0000	29069.99
2502581.0000	29073.13
2502581.0000	29112.53
2502581.0000	29125.92
2502581.0000	29132.41
2502581.0000	29143.47
2502581.0000	29149.60
2502581.0000	29161.61
2502581.0000	29166.71
2502581.0000	29171.37
2502581.0000	29174.87
2502581.0000	29177.89
2502581.0000	29184.95
2502581.0000	29192.29
2502581.0000	29202.71
2502581.0000	29210.43
2502581.0000	29214.65
2502581.0000	29223.14
2502581.0000	29230.59
2502581.0000	29242.72
2502581.0000	29246.53
2502581.0000	29249.87
2502581.0000	29255.41
2502581.0000	29265.00
2502581.0000	29268.57
2502581.0000	29276.70
2502581.0000	29293.67
2502581.0000	29298.49
2502581.0000	29305.93
2502581.0000	29318.76
2502581.0000	29322.14
2502581.0000	29327.66
2502581.0000	29334.49
2502581.0000	29343.33
2502581.0000	29350.85
2502581.0000	29359.54
2502581.0000	29366.30
2502581.0000	29371.66
2502581.0000	29377.88
2502581.0000	29384.17
2502581.0000	29388.23
2502581.0000	29394.61
2502581.0000	29401.32
2502581.0000	29406.18
2502581.0000	29410.43
2502581.0000	29415.82
2502581.0000	29419.11
2502581.0000	29426.70
2502581.0000	29433.65
2502581.0000	29445.42
2502581.0000	29448.58
2502581.0000	29451.71
2502581.0000	29456.87
2502581.0000	29464.15
2502581.0000	29470.43
2502581.0000	29476.12
2502581.0000	29482.22
2502581.0000	29495.52
2502581.0000	29501.14
2502581.0000	29504.48
2502581.0000	29511.69
2502581.0000	29520.00
2502581.0000	29523.35
2502581.0000	29534.69
2502581.0000	29542.41
2502581.0000	29548.28
2502581.0000	29551.99
2502581.0000	29557.33
2502581.0000	29561.58
2502581.0000	29582.97
2502581.0000	29586.60
2502581.0000	29590.49
2502581.0000	29594.01
2502581.0000	29598.67
2502581.0000	29604.34
2502581.0000	29619.19
2502581.0000	29623.08
2502581.0000	29657.76
2502581.0000	29665.97
2502581.0000	29671.41
2502581.0000	29678.91
2502581.0000	29685.51
2502581.0000	29699.56
2502581.0000	29704.13
2502581.0000	29708.71
2502581.0000	29720.24
2502581.0000	29725.56
2502581.0000	29729.83
2502581.0000	29733.09
2502581.0000	29738.85
2502581.0000	29742.45
2502581.0000	29745.49
2502581.0000	29749.67
2502581.0000	29759.75
2502581.0000	29764.60
2502581.0000	29769.02
2502581.0000	29782.08
2502581.0000	29786.65
2502581.0000	29792.19
2502581.0000	29795.39
2502581.0000	29799.24
2502581.0000	29807.12
2502581.0000	29811.29
2502581.0000	29814.95
2502581.0000	29829.71
2502581.0000	29833.71
2502581.0000	29851.53
2502581.0000	29859.26
2502581.0000	29864.61
2502581.0000	29870.80
2502581.0000	29877.79
2502581.0000	29885.51
2502581.0000	29894.14
2502581.0000	29899.03
2502581.0000	29903.60
2502581.0000	29918.99
2502581.0000	29930.98
2502581.0000	29934.23
2502581.0000	29942.23
2502581.0000	29953.63
2502581.0000	29957.86
2502581.0000	29964.69
2502581.0000	29968.67
2502581.0000	29980.76
2502581.0000	29984.67
2502581.0000	29992.62
2502581.0000	30000.84
2502581.0000	30005.70
2502581.0000	30011.19
2502581.0000	30022.07
2502581.0000	30025.98
2502581.0000	30034.47
2502581.0000	30039.73
2502581.0000	30046.78
2502581.0000	30052.40
2502581.0000	30062.20
2502581.0000	30072.31
2502581.0000	30083.85
2502581.0000	30089.22
2502581.0000	30096.99
2502581.0000	30100.31
2502581.0000	30109.20
2502581.0000	30398.75
2502581.0000	30405.03
2502581.0000	30413.68
2502581.0000	30422.56
2502581.0000	30434.79
2502581.0000	30441.97
2502581.0000	30451.28
2502581.0000	30454.91
2502581.0000	30458.96
2502581.0000	30462.43
2502581.0000	30468.43
2502581.0000	30475.81
2502581.0000	30479.02
2502581.0000	30484.96
2502581.0000	30488.50
2502581.0000	30496.78
2502581.0000	30513.33
2502581.0000	30516.43
2502581.0000	30522.42
2502581.0000	30525.91
2502581.0000	30536.82
2502581.0000	30541.13
2502581.0000	30547.38
2502581.0000	30553.07
2502581.0000	30558.63
2502581.0000	30564.80
2502581.0000	30571.11
2502581.0000	30575.47
2502581.0000	30580.80
2502581.0000	30590.14
2502581.0000	30596.82
2502581.0000	30609.48
2502581.0000	30613.47
2502581.0000	30617.47
2502581.0000	30626.07
2502581.0000	30630.75
2502581.0000	30634.00
2502581.0000	30647.24
2502581.0000	30651.27
2502581.0000	30656.39
2502581.0000	30659.94
2502581.0000	30665.09
2502581.0000	30668.70
2502581.0000	30671.68
2502581.0000	30679.45
2502581.0000	30685.72
2502581.0000	30695.10
2502581.0000	30703.85
2502581.0000	30710.97
2502581.0000	30714.75
2502581.0000	30726.54
2502581.0000	30731.58
2502581.0000	30737.23
2502581.0000	30740.91
2502581.0000	30746.81
2502581.0000	30755.83
2502581.0000	30761.04
2502581.0000	30766.94
2502581.0000	30770.54
2502581.0000	30776.16
2502581.0000	30781.35
2502581.0000	30786.10
2502581.0000	30864.25
2502581.0000	30873.48
2502581.0000	30926.78
2502581.0000	30932.96
2502581.0000	30943.01
2502581.0000	30957.00
2502581.0000	30966.04
2502581.0000	30974.27
2502581.0000	30981.55
2502581.0000	30986.14
2502581.0000	30995.17
2502581.0000	31009.40
2502581.0000	31019.79
2502581.0000	31029.44
2502581.0000	31036.04
2502581.0000	31042.98
2502581.0000	31050.24
2502581.0000	31054.58
2502581.0000	31060.08
2502581.0000	31067.34
2502581.0000	31074.34
2502581.0000	31079.91
2502581.0000	31086.74
2502581.0000	31095.84
2502581.0000	31100.35
2502581.0000	31110.95
2502581.0000	31116.71
2502581.0000	31121.94
2502581.0000	31132.18
2502581.0000	31136.11
2502581.0000	31139.48
2502581.0000	31144.99
2502581.0000	31149.79
2502581.0000	31156.11
2502581.0000	31164.39
2502581.0000	31167.91
2502581.0000	31178.58
2502581.0000	31182.62
2502581.0000	31188.35
2502581.0000	31193.77
2502581.0000	31198.49
2502581.0000	31207.31
2502581.0000	31210.74
2502581.0000	31215.40
2502581.0000	31226.54
2502581.0000	31230.64
2502581.0000	31246.94
2502581.0000	31254.11
2502581.0000	31259.54
2502581.0000	31262.60
2502581.0000	31270.75
2502581.0000	31278.43
2502581.0000	31291.64
2502581.0000	31303.58
2502581.0000	31310.61
2502581.0000	31316.04
2502581.0000	31336.31
2502581.0000	31341.16
2502581.0000	31344.51
2502581.0000	31350.39
2502581.0000	31358.39
2502581.0000	31371.08
2502581.0000	31376.78
2502581.0000	31385.48
2502581.0000	31389.99
2502581.0000	31398.58
2502581.0000	31402.61
2502581.0000	31407.03
2502581.0000	31414.19
2502581.0000	31423.96
2502581.0000	31432.45
2502581.0000	31438.34
2502581.0000	31443.11
2502581.0000	31454.90
2502581.0000	31461.60
2502581.0000	31473.19
2502581.0000	31479.34
2502581.0000	31482.89
2502581.0000	31490.34
2502581.0000	31502.84
2502581.0000	31512.46
2502581.0000	31518.50
2502581.0000	31524.19
2502581.0000	31527.60
2502581.0000	31539.45
2502581.0000	31545.46
2502581.0000	31558.40
2502581.0000	31567.33
2502581.0000	31572.06
2502581.0000	31577.89
2502581.0000	31581.11
2502581.0000	31586.99
2502581.0000	31590.14
2502581.0000	31596.03
2502581.0000	31603.29
2502581.0000	31606.68
2502581.0000	31612.17
2502581.0000	31617.11
2502581.0000	31622.72
2502581.0000	31631.56
2502581.0000	31639.42
2502581.0000	31642.61
2502581.0000	31646.91
2502581.0000	31650.04
2502581.0000	31657.06
2502581.0000	31661.13
2502581.0000	31670.90
2502581.0000	31674.26
2502581.0000	31677.56
2502581.0000	31682.38
2502581.0000	31689.53
2502581.0000	31693.57
2502581.0000	31700.78
2502581.0000	31714.51
2502581.0000	31729.96
2502581.0000	31741.60
2502581.0000	31754.74
2502581.0000	31769.18
2502581.0000	31782.26
2502581.0000	31795.76
2502581.0000	31811.61
2502581.0000	31984.43
2502581.0000	32048.94
2502581.0000	32064.82
2502581.0000	32077.28
2502581.0000	32140.35
2502581.0000	32194.76
2502581.0000	32236.22
2502581.0000	32277.44
2502581.0000	32290.27
2502581.0000	32313.71
2502581.0000	32329.14
2502581.0000	32375.23
2502581.0000	32388.24
2502581.0000	32415.82
2502581.0000	32427.37
2502581.0000	32461.57
2502581.0000	32472.72
2502581.0000	32493.03
2502581.0000	32505.72
2502581.0000	32536.51
2502581.0000	32548.65
2502581.0000	32559.10
2502581.0000	32570.32
2502581.0000	32584.07
2502581.0000	32599.97
2502581.0000	32611.62
2502581.0000	32638.21
2502581.0000	32649.19
2502581.0000	32661.35
2502581.0000	32672.69
2502581.0000	32684.75
2502581.0000	32703.69
2502581.0000	32716.63
2502581.0000	32731.78
2502581.0000	32742.33
2502581.0000	32754.61
2502581.0000	32787.88
2502581.0000	32807.75
2502581.0000	32819.47
2502581.0000	32841.25
2502581.0000	32867.65
2502581.0000	32890.07
2502581.0000	32914.77
2502581.0000	32927.22
2502581.0000	32939.46
2502581.0000	32951.53
2502581.0000	32975.09
2502581.0000	32987.27
2502581.0000	32997.62
2502581.0000	33019.49
2502581.0000	33033.02
2502581.0000	33045.26
2502581.0000	33070.81
2502581.0000	33094.16
2502581.0000	33122.21
2502581.0000	33145.22
2502581.0000	33161.29
2502581.0000	33184.66
2502581.0000	33212.36
2502581.0000	33236.86
2502581.0000	33264.22
2502581.0000	33289.80
2502581.0000	33304.47
2502581.0000	33331.88
2502581.0000	33361.06
2502581.0000	33381.27
2502581.0000	33396.03
2502581.0000	33408.70
2502581.0000	33430.79
2502581.0000	33474.42
2502581.0000	33495.06
2502581.0000	33507.49
2502581.0000	33527.77
2502581.0000	33546.14
2502581.0000	33566.36
2502581.0000	33578.68
2502581.0000	33591.03
2502581.0000	33608.91
2502581.0000	33624.23
2502581.0000	33637.69
2502581.0000	33651.15
2502581.0000	33666.61
2502581.0000	33679.85
2502581.0000	33696.71
2502581.0000	33708.83
2502581.0000	33721.51
2502581.0000	33734.71
2502581.0000	33749.78
2502581.0000	33763.75
2502581.0000	33776.03
2502581.0000	33790.06
2502581.0000	33803.44
2502581.0000	33818.45
2502581.0000	33862.09
2502581.0000	33881.39
2502581.0000	33902.65
2502581.0000	33917.93
2502581.0000	33933.10
2502581.0000	33947.13
2502581.0000	33966.42
2502581.0000	33982.57
2502581.0000	33998.43
2502581.0000	34020.44
2502581.0000	34034.41
2502581.0000	34047.73
2502581.0000	34061.48
2502581.0000	34078.54
2502581.0000	34093.15
2502581.0000	34108.75
2502581.0000	34121.36
2502581.0000	34136.73
2502581.0000	34151.47
2502581.0000	34164.57
2502581.0000	34183.27
2502581.0000	34243.63
2502581.0000	34256.36
2502581.0000	34272.06
2502581.0000	34284.67
2502581.0000	34300.57
2502581.0000	34318.40
2502581.0000	34333.48
2502581.0000	34347.76
2502581.0000	34363.52
2502581.0000	34378.82
2502581.0000	34391.57
2502581.0000	34403.56
2502581.0000	34418.89
2502581.0000	34436.25
2502581.0000	34454.95
2502581.0000	34470.02
2502581.0000	34489.02
2502581.0000	34509.46
2502581.0000	34534.66
2502581.0000	34547.26
2502581.0000	34559.43
2502581.0000	34581.68
2502581.0000	34596.21
2502581.0000	34608.50
2502581.0000	34623.48
2502581.0000	34637.40
2502581.0000	34652.73
2502581.0000	34668.87
2502581.0000	34684.47
2502581.0000	34699.40
2502581.0000	34712.89
2502581.0000	34727.79
2502581.0000	34746.30
2502581.0000	34761.92
2502581.0000	34780.20
2502581.0000	34791.72
2502581.0000	34803.88
2502581.0000	34823.91
2502581.0000	34846.48
2502581.0000	34869.21
2502581.0000	34887.80
2502581.0000	34904.17
2502581.0000	34919.40
2502581.0000	34936.36
2502581.0000	34953.06
2502581.0000	34965.57
2502581.0000	34983.46
2502581.0000	34996.41
2502581.0000	35010.52
2502581.0000	35029.65
2502581.0000	35042.77
2502581.0000	35057.54
2502581.0000	35076.55
2502581.0000	35096.61
2502581.0000	35114.24
2502581.0000	35128.63
2502581.0000	35140.74
2502581.0000	35153.31
2502581.0000	35168.91
2502581.0000	35181.67
2502581.0000	35196.37
2502581.0000	35208.69
2502581.0000	35221.82
2502581.0000	35235.55
2502581.0000	35251.22
2502581.0000	35266.23
2502581.0000	35280.66
2502581.0000	35293.24
2502581.0000	35306.84
2502581.0000	35325.44
2502975.0000	35361.73
2502975.0000	35363.42
2502975.0000	35421.67
2502975.0000	35434.86
2502975.0000	35457.89
2502975.0000	35478.35
2502975.0000	35495.05
2502975.0000	35512.30
2502975.0000	35529.45
2502975.0000	35546.09
2502975.0000	35565.87
2502975.0000	35583.87
2502975.0000	35601.28
2502975.0000	35619.64
2502975.0000	35634.21
2502975.0000	35650.26
2502975.0000	35662.56
2502975.0000	35674.66
2502975.0000	35688.79
2502975.0000	35702.28
2502975.0000	35718.65
2502975.0000	35730.92
2502975.0000	35743.62
2502975.0000	35758.32
2502975.0000	35770.52
2502975.0000	35784.87
2502975.0000	35800.70
2502975.0000	35815.99
2502975.0000	35829.96
2502975.0000	35846.05
2502975.0000	35858.37
2502975.0000	35870.98
2502975.0000	35887.31
2502975.0000	35906.52
2502975.0000	35921.68
2502975.0000	36174.76
2502975.0000	36186.58
2502975.0000	36201.28
2502975.0000	36216.01
2502975.0000	36229.45
2502975.0000	36243.46
2502975.0000	36256.01
2502975.0000	36274.16
2502975.0000	36286.47
2502975.0000	36300.76
2502975.0000	36313.44
2502975.0000	36328.66
2502975.0000	36342.60
2502975.0000	36354.85
2502975.0000	36367.67
2502975.0000	36381.02
2502975.0000	36395.43
2502975.0000	36407.23
2502975.0000	36423.51
2502975.0000	36436.20
2502975.0000	36449.48
2502975.0000	36468.09
2502975.0000	36487.24
2502975.0000	36502.40
2502975.0000	36516.44
2502975.0000	36528.39
2502975.0000	36541.25
2502975.0000	36553.23
2502975.0000	36568.64
2502975.0000	36587.85
2502975.0000	36599.50
2502975.0000	36675.38
2502975.0000	36688.02
2502975.0000	36703.18
2502975.0000	36719.00
2502975.0000	36732.50
2502975.0000	36746.78
2502975.0000	36766.05
2502975.0000	36785.34
2502975.0000	36796.97
2502975.0000	36811.57
2502975.0000	36825.25
2502975.0000	36842.93
2502975.0000	36859.85
2502975.0000	36876.26
2502975.0000	36888.72
2502975.0000	36901.02
2502975.0000	36913.27
2502975.0000	36927.67
2502975.0000	36942.02
2502975.0000	36954.06
2502975.0000	36965.71
2502975.0000	36980.53
2502975.0000	36996.26
2502975.0000	37007.68
2502975.0000	37022.87
2502975.0000	37035.66
2502975.0000	37047.53
2502975.0000	37062.95
2502975.0000	37084.82
2502975.0000	37105.37
2502975.0000	37123.06
2502975.0000	37136.58
2502975.0000	37150.54
2502975.0000	37169.50
2502975.0000	37185.92
2502975.0000	37201.25
2502975.0000	37214.89
2502975.0000	37425.94
2502975.0000	37437.10
2502975.0000	37449.49
2502975.0000	37467.81
2502975.0000	37482.09
2502975.0000	37493.87
2502975.0000	37505.78
2502975.0000	37520.95
2502975.0000	37535.24
2502975.0000	37555.01
2502975.0000	37573.65
2502975.0000	37586.64
2502975.0000	37598.43
2502975.0000	37615.02
2502975.0000	37632.75
2502975.0000	37649.17
2502975.0000	37664.04
2502975.0000	37676.74
2502975.0000	37690.40
2502975.0000	37705.87
2502975.0000	37723.69
2502975.0000	37734.62
2502975.0000	37748.31
2502975.0000	37765.21
2502975.0000	37777.88
2502975.0000	37794.23
2502975.0000	37805.40
2502975.0000	37818.77
2502975.0000	37862.30
2502975.0000	37912.86
2502975.0000	37927.73
2502975.0000	37943.08
2502975.0000	37996.64
2502975.0000	38010.10
2502975.0000	38022.29
2502975.0000	38038.76
2502975.0000	38088.64
2502975.0000	38099.88
2502975.0000	38138.18
2502975.0000	38152.56
2502975.0000	38189.26
2502975.0000	38204.37
2502975.0000	38233.47
2502975.0000	38246.67
2502975.0000	38275.74
2502975.0000	38286.71
2502975.0000	38297.16
2502975.0000	38313.50
2502975.0000	38335.31
2502975.0000	38359.37
2502975.0000	38370.08
2502975.0000	38389.93
2502975.0000	38403.64
2502975.0000	38414.26
2502975.0000	38431.58
2502975.0000	38451.12
2502975.0000	38477.62
2502975.0000	38501.52
2502975.0000	38511.78
2502975.0000	38528.72
2502975.0000	38539.32
2502975.0000	38553.58
2502975.0000	38565.53
2502975.0000	38588.69
2502975.0000	38608.99
2502975.0000	38624.02
2502975.0000	38636.51
2502975.0000	38649.86
2502975.0000	38672.52
2502975.0000	38683.60
2502975.0000	38700.74
2502975.0000	38727.08
2502975.0000	38748.98
2502975.0000	38771.60
2502975.0000	38786.55
2502975.0000	38801.10
2502975.0000	38843.41
2502975.0000	38855.60
2502975.0000	38869.93
2502975.0000	38892.74
2502975.0000	38906.36
2502975.0000	38918.32
2502975.0000	38937.07
2502975.0000	38951.24
2502975.0000	38966.13
2502975.0000	38981.17
2502975.0000	38997.28
2502975.0000	39015.84
2502975.0000	39030.07
2502975.0000	39042.83
2502975.0000	39058.96
2502975.0000	39070.97
2502975.0000	39087.06
2502975.0000	39100.77
2502975.0000	39113.16
2502975.0000	39127.94
2502975.0000	39142.61
2502975.0000	39156.25
2502975.0000	39178.53
2502975.0000	39191.49
2502975.0000	39207.98
2502975.0000	39219.53
2502975.0000	39233.42
2502975.0000	39245.96
2502975.0000	39259.27
2502975.0000	39275.07
2502975.0000	39291.66
2502975.0000	39307.78
2502975.0000	39326.93
2502975.0000	39357.05
2502975.0000	39378.90
2502975.0000	39394.25
2502975.0000	39407.08
2502975.0000	39419.98
2502975.0000	39433.54
2502975.0000	39450.87
2502975.0000	39463.43
2502975.0000	39475.95
2502975.0000	39492.36
2502975.0000	39508.02
2502975.0000	39522.57
2502975.0000	39535.39
2502975.0000	39550.09
2502975.0000	39562.10
2502975.0000	39576.83
2502975.0000	39592.01
2502975.0000	39604.56
2502975.0000	39619.30
2502975.0000	39633.51
2502975.0000	39652.93
2502975.0000	39670.24
2502975.0000	39687.50
2502975.0000	39699.91
2502975.0000	39712.17
2502975.0000	39725.25
2502975.0000	39740.97
2502975.0000	39752.68
2502975.0000	39767.67
2502975.0000	39784.85
2502975.0000	39796.83
2502975.0000	39812.51
2502975.0000	39825.55
2502975.0000	39837.66
2502975.0000	39855.49
2502975.0000	39870.07
2502975.0000	39883.93
2502975.0000	39897.99
2502975.0000	39942.55
2502975.0000	39990.97
2502975.0000	40003.84
2502975.0000	40018.68
2502975.0000	40033.15
2502975.0000	40047.47
2502975.0000	40061.67
2502975.0000	40078.32
2502975.0000	40094.22
2502975.0000	40108.83
2502975.0000	40123.98
2502975.0000	40137.97
2502975.0000	40152.62
2502975.0000	40166.28
2502975.0000	40182.38
2502975.0000	40194.11
2502975.0000	40206.42
2502975.0000	40225.09
2502975.0000	40242.71
2502975.0000	40255.12
2502975.0000	40267.99
2502975.0000	40283.69
2502975.0000	40295.80
2502975.0000	40310.07
2502975.0000	40322.11
2502975.0000	40335.49
2502975.0000	40348.19
2502975.0000	40439.81
2502975.0000	40451.70
2502975.0000	40466.09
2502975.0000	40484.93
2502975.0000	40497.81
2502975.0000	40514.17
2502975.0000	40533.20
2502975.0000	40548.54
2502975.0000	40570.66
2502975.0000	40586.13
2502975.0000	40598.99
2502975.0000	40613.06
2502975.0000	40625.64
2502975.0000	40638.05
2502975.0000	40652.26
2502975.0000	40668.00
2502975.0000	40683.19
2502975.0000	40701.90
2502975.0000	40715.18
2502975.0000	40728.81
2502975.0000	40742.39
2502975.0000	40755.77
2502975.0000	40769.61
2502975.0000	40782.70
2502975.0000	40849.53
2502975.0000	40866.36
2502975.0000	40878.61
2502975.0000	40892.91
2502975.0000	40913.41
2502975.0000	40930.74
2502975.0000	40942.99
2502975.0000	40959.51
2502975.0000	40974.04
2502975.0000	40990.39
2502975.0000	41003.98
2502975.0000	41017.03
2502975.0000	41037.04
2502975.0000	41049.63
2502975.0000	41062.50
2502975.0000	41074.76
2502975.0000	41087.04
2502975.0000	41100.16
2502975.0000	41117.37
2502975.0000	41129.30
2502975.0000	41145.79
2502975.0000	41158.02
2502975.0000	41172.58
2502975.0000	41190.75
2502975.0000	41211.95
2502975.0000	41228.72
2502975.0000	41243.51
2502975.0000	41265.83
2502975.0000	41279.38
2502975.0000	41296.29
2502975.0000	41318.27
2502975.0000	41338.36
2502975.0000	41355.50
2502975.0000	41400.03
2502975.0000	41411.53
2502975.0000	41428.66
2502975.0000	41441.65
2502975.0000	41454.61
2502975.0000	41468.39
2502975.0000	41481.98
2502975.0000	41496.76
2502975.0000	41509.65
2502975.0000	41523.93
2502975.0000	41536.17
2502975.0000	41556.95
2502975.0000	41570.19
2502975.0000	41582.25
2502975.0000	41593.82
2502975.0000	41611.85
2502975.0000	41628.15
2502975.0000	41642.97
2502975.0000	41655.56
2502975.0000	41669.70
2502975.0000	41682.04
2502975.0000	41714.12
2502975.0000	41728.07
2502975.0000	41740.49
2502975.0000	41752.65
2503483.0000	41771.19
2503483.0000	41771.24
2503483.0000	41836.56
2503483.0000	41862.32
2503483.0000	41882.31
2503483.0000	41900.23
2503483.0000	41913.11
2503483.0000	41929.95
2503483.0000	41958.35
2503483.0000	41972.16
2503483.0000	41993.17
2503483.0000	42007.20
2503483.0000	42019.84
2503483.0000	42038.79
2503483.0000	42058.37
2503483.0000	42075.13
2503483.0000	42086.83
2503483.0000	42115.34
2503483.0000	42127.87
2503483.0000	42144.01
2503483.0000	42156.49
2503483.0000	42169.30
2503483.0000	42182.48
2503483.0000	42193.82
2503483.0000	42208.42
2503483.0000	42225.75
2503483.0000	42239.93
2503483.0000	42259.94
2503483.0000	42272.33
2503483.0000	42288.87
2503483.0000	42302.24
2503483.0000	42322.10
2503483.0000	42386.45
2503483.0000	42403.74
2503483.0000	42417.50
2503483.0000	42431.62
2503483.0000	42447.09
2503483.0000	42463.75
2503483.0000	42476.18
2503483.0000	42489.55
2503483.0000	42502.49
2503483.0000	42516.28
2503483.0000	42533.51
2503483.0000	42549.41
2503483.0000	42562.74
2503483.0000	42577.97
2503483.0000	42591.17
2503483.0000	42603.80
2503483.0000	42616.64
2503483.0000	42632.71
2503483.0000	42649.11
2503483.0000	42664.40
2503483.0000	42677.04
2503483.0000	42688.39
2503483.0000	42702.17
2503483.0000	42721.02
2503483.0000	42960.67
2503483.0000	42982.98
2503483.0000	43044.99
2503483.0000	43057.56
2503483.0000	43072.45
2503483.0000	43113.68
2503483.0000	43125.79
2503483.0000	43140.30
2503483.0000	43162.78
2503483.0000	43204.22
2503483.0000	43222.94
2503483.0000	43266.14
2503483.0000	43292.52
2503483.0000	43337.92
2503483.0000	43352.01
2503483.0000	43363.94
2503483.0000	43415.76
2503483.0000	43458.73
2503483.0000	43486.47
2503483.0000	43518.88
2503483.0000	43529.77
2503483.0000	43549.18
2503483.0000	43572.88
2503483.0000	43583.38
2503483.0000	43601.31
2503483.0000	43615.57
2503483.0000	43629.95
2503483.0000	43649.13
2503483.0000	43669.44
2503483.0000	43686.41
2503483.0000	43698.25
2503483.0000	43715.35
2503483.0000	43737.93
2503483.0000	43750.18
2503483.0000	43762.14
2503483.0000	43776.23
2503483.0000	43793.84
2503483.0000	43806.20
2503483.0000	43820.86
2503483.0000	43833.14
2503483.0000	43847.54
2503483.0000	43912.25
2503483.0000	43935.18
2503483.0000	43952.31
2503483.0000	43966.08
2503483.0000	43978.81
2503483.0000	44001.58
2503483.0000	44015.98
2503483.0000	44029.19
2503483.0000	44046.44
2503483.0000	44066.40
2503483.0000	44080.15
2503879.0000	44192.93
2503879.0000	44192.99
2503879.0000	44207.03
2503879.0000	44222.29
2503879.0000	44235.46
2503879.0000	44259.76
2503879.0000	44274.85
2503879.0000	44291.31
2503879.0000	44307.93
2503879.0000	44322.99
2503879.0000	44342.26
2503879.0000	44355.96
2503879.0000	44372.96
2503879.0000	44385.09
2503879.0000	44400.09
2503879.0000	44414.01
2503879.0000	44431.92
2503879.0000	44444.15
2503879.0000	44458.35
2503879.0000	44474.51
2503879.0000	44489.16
2503879.0000	44504.51
2503879.0000	44520.47
2503879.0000	44537.03
2503879.0000	44552.02
2503879.0000	44797.82
2503879.0000	44812.68
2503879.0000	44828.29
2503879.0000	44842.90
2503879.0000	44857.35
2503879.0000	44871.65
2503879.0000	44886.69
2503879.0000	44899.48
2503879.0000	44914.07
2503879.0000	44926.13
2503879.0000	44939.27
2503879.0000	44954.10
2503879.0000	44966.79
2503879.0000	44979.18
2503879.0000	44991.26
2503879.0000	45004.32
2503879.0000	45019.00
2503879.0000	45031.83
2503879.0000	45046.12
2503879.0000	45061.57
2503879.0000	45074.94
2503879.0000	45088.84
2503879.0000	45135.43
2503879.0000	45147.68
2503879.0000	45160.51
2503879.0000	45174.24
2503879.0000	45187.39
2503879.0000	45200.75
2503879.0000	45213.61
2503879.0000	45226.48
2503879.0000	45240.29
2503879.0000	45254.91
2503879.0000	45270.44
2503879.0000	45284.21
2503879.0000	45299.49
2503879.0000	45312.63
2503879.0000	45326.09
2503879.0000	45339.85
2503879.0000	45357.75
2503879.0000	45369.87
2503879.0000	45383.40
2503879.0000	45399.26
2503879.0000	45411.68
2503879.0000	45429.33
2503879.0000	45444.85
2503879.0000	45457.59
2503879.0000	45474.63
2503879.0000	45493.38
2503879.0000	45510.52
2503879.0000	45523.51
2503879.0000	45540.20
2503879.0000	45553.31
2503879.0000	45571.22
2503879.0000	45585.34
2503879.0000	45602.84
2503879.0000	45616.89
2503879.0000	45634.43
2503879.0000	45651.37
2503879.0000	45666.97
2503879.0000	45682.07
2503879.0000	45694.76
2503879.0000	45709.03
2503879.0000	45723.54
2503879.0000	45738.65
2503879.0000	45751.80
2503879.0000	45765.78
2503879.0000	45779.28
2503879.0000	45793.65
2503879.0000	45806.12
2503879.0000	45822.73
2503879.0000	45835.83
2503879.0000	45852.15
2503879.0000	45892.57
2503879.0000	45913.81
2503879.0000	45936.34
2503879.0000	45961.87
2503879.0000	45976.11
2503879.0000	45993.91
2503879.0000	46006.56
2503879.0000	46025.01
2503879.0000	46038.12
2503879.0000	46050.71
2503879.0000	46063.70
2503879.0000	46075.89
2503879.0000	46093.37
2503879.0000	46106.88
2503879.0000	46120.00
2503879.0000	46136.51
2503879.0000	46150.87
2503879.0000	46162.58
2503879.0000	46175.77
2503879.0000	46188.69
2503879.0000	46200.63
2503879.0000	46215.49
2503879.0000	46227.69
2503879.0000	46239.21
2503879.0000	46254.38
2503879.0000	46265.96
2503879.0000	46277.58
2503879.0000	46289.72
2503879.0000	46303.10
2504181.0000	46316.70
2504181.0000	46317.85
2504181.0000	46333.38
2504181.0000	46346.03
2504181.0000	46362.45
2504181.0000	46375.57
2504181.0000	46398.92
2504181.0000	46415.14
2504181.0000	46426.42
2504181.0000	46442.75
2504181.0000	46454.45
2504181.0000	46471.35
2504181.0000	46483.08
2504181.0000	46495.26
2504181.0000	46506.21
2504181.0000	46519.28
2504181.0000	46531.35
2504181.0000	46545.41
2504181.0000	46558.12
2504181.0000	46573.93
2504181.0000	46585.83
2504181.0000	46598.36
2504181.0000	46611.04
2504181.0000	46623.99
2504181.0000	46638.55
2504181.0000	46650.60
2504181.0000	46664.70
2504181.0000	46711.08
2504181.0000	46726.05
2504181.0000	46738.89
2504181.0000	46755.40
2504181.0000	46766.83
2504181.0000	46780.21
2504181.0000	46793.81
2504181.0000	46806.16
2504181.0000	46818.59
2504181.0000	46829.92
2504181.0000	46843.41
2504181.0000	46856.08
2504181.0000	46871.23
2504181.0000	46883.40
2504181.0000	46896.79
2504181.0000	46908.24
2504181.0000	46924.79
2504181.0000	46939.22
2504181.0000	46960.37
2504181.0000	46973.98
2504181.0000	46992.11
2504181.0000	47005.83
2504181.0000	47018.20
2504181.0000	47210.40
2504181.0000	47224.17
2504181.0000	47239.03
2504181.0000	47253.06
2504181.0000	47274.63
2504181.0000	47285.51
2504181.0000	47296.53
2504181.0000	47307.43
2504181.0000	47320.74
2504181.0000	47332.18
2504181.0000	47344.02
2504181.0000	47354.81
2504181.0000	47365.80
2504181.0000	47378.37
2504181.0000	47389.63
2504181.0000	47400.29
2504181.0000	47412.99
2504181.0000	47424.10
2504181.0000	47435.55
2504181.0000	47454.72
2504181.0000	47482.87
2504181.0000	47497.44
2504181.0000	47546.91
2504181.0000	47566.82
2504181.0000	47615.36
2504181.0000	47638.81
2504181.0000	47657.94
2504181.0000	47669.24
2504181.0000	47687.53
2504181.0000	47711.13
2504181.0000	47723.09
2504181.0000	47748.06
2504181.0000	47782.25
2504181.0000	47806.09
2504181.0000	47816.96
2504181.0000	47840.81
2504181.0000	47866.67
2504181.0000	47895.09
2504181.0000	47908.27
2504181.0000	47921.72
2504181.0000	47931.64
2504181.0000	47952.50
2504181.0000	47967.05
2504181.0000	47978.78
2504181.0000	47990.22
2504181.0000	48006.84
2504181.0000	48017.62
2504181.0000	48031.61
2504181.0000	48043.52
2504181.0000	48054.36
2504181.0000	48069.27
2504181.0000	48080.25
2504181.0000	48091.77
2504181.0000	48109.86
2504181.0000	48120.70
2504181.0000	48137.36
2504181.0000	48154.98
2504181.0000	48168.19
2504181.0000	48205.47
2504181.0000	48225.83
2504181.0000	48240.45
2504181.0000	48254.73
2504181.0000	48266.29
2504181.0000	48277.77
2504181.0000	48297.85
2504181.0000	48309.89
2504181.0000	48321.75
2504181.0000	48332.82
2504181.0000	48346.19
2504181.0000	48359.56
2504181.0000	48376.09
2504181.0000	48387.53
2504181.0000	48399.44
2504181.0000	48414.17
2504181.0000	48431.99
2504181.0000	48444.22
2504181.0000	48456.13
2504181.0000	48469.28
2504181.0000	48481.86
2504181.0000	48495.31
2504181.0000	48506.35
2504181.0000	48519.55
2504181.0000	48531.22
2504181.0000	48548.52
2504181.0000	48560.01
2504181.0000	48572.17
2504181.0000	48583.23
2504181.0000	48594.59
2504181.0000	48605.78
2504181.0000	48617.71
2504181.0000	48628.82
2504181.0000	48644.19
2504181.0000	48656.91
2504181.0000	48669.06
2504181.0000	48681.44
2504181.0000	48693.03
2504181.0000	48707.57
2504181.0000	48718.71
2504181.0000	48731.47
2504181.0000	48744.29
2504181.0000	48760.39
2504181.0000	48772.24
2504181.0000	48785.68
2504181.0000	48797.00
2504181.0000	48810.88
2504181.0000	49054.37
2504181.0000	49065.40
2504181.0000	49076.63
2504181.0000	49088.89
2504181.0000	49099.80
2504181.0000	49113.29
2504181.0000	49129.64
2504181.0000	49142.65
2504181.0000	49154.17
2504181.0000	49168.00
2504181.0000	49183.28
2504181.0000	49194.40
2504181.0000	49205.53
2504181.0000	49216.80
2504181.0000	49229.99
2504181.0000	49241.73
2504181.0000	49257.63
2504181.0000	49268.71
2504181.0000	49283.28
2504181.0000	49299.73
2504181.0000	49318.18
2504181.0000	49329.21
2504181.0000	49342.34
2504181.0000	49357.19
2504181.0000	49419.12
2504181.0000	49431.30
2504181.0000	49444.78
2504181.0000	49462.98
2504181.0000	49475.98
2504181.0000	49489.91
2504181.0000	49505.42
2504181.0000	49523.40
2504181.0000	49537.28
2504181.0000	49553.90
2504181.0000	49568.54
2504181.0000	49583.46
2504181.0000	49596.66
2504181.0000	49608.28
2504181.0000	49619.85
2504181.0000	49637.05
2504181.0000	49649.30
2504181.0000	49664.17
2504181.0000	49684.78
2504181.0000	49698.10
2504181.0000	49712.62
2504181.0000	49724.94
2504181.0000	49736.72
2504181.0000	49750.67
2504181.0000	49765.59
2504181.0000	49780.32
2504181.0000	49794.78
2504181.0000	49808.43
2504181.0000	49822.69
2504181.0000	49834.04
2504181.0000	49847.69
2504181.0000	49864.70
2504181.0000	49880.91
2504181.0000	49897.68
2504181.0000	49910.20
2504181.0000	49923.63
2504181.0000	49945.77
2504181.0000	49958.76
2504181.0000	49973.75
2504181.0000	49985.96
2504181.0000	49998.40
2504181.0000	50012.21
2504181.0000	50024.23
2504181.0000	50035.50
2504181.0000	50049.37
2504181.0000	50061.95
2504181.0000	50079.84
2504181.0000	50092.62
2504181.0000	50104.14
2504181.0000	50117.49
2504181.0000	50129.28
2504181.0000	50144.53
2504181.0000	50156.54
2504181.0000	50174.52
2504181.0000	50223.76
2504181.0000	50241.51
2504181.0000	50264.89
2504181.0000	50278.58
2504181.0000	50291.02
2504181.0000	50311.21
2504181.0000	50338.17
2504181.0000	50350.98
2504181.0000	50364.73
2504181.0000	50384.74
2504181.0000	50397.05
2504181.0000	50410.18
2504181.0000	50424.16
2504181.0000	50435.96
2504181.0000	50453.05
2504181.0000	50467.28
2504181.0000	50479.99
2504181.0000	50492.94
2504181.0000	50506.32
2504181.0000	50522.01
2504181.0000	50537.95
2504181.0000	50552.59
2504181.0000	50571.28
2504181.0000	50585.84
2504181.0000	50597.72
2504181.0000	50616.12
2504181.0000	50629.01
2504181.0000	50640.55
2504181.0000	50651.94
2504181.0000	50672.99
2504181.0000	50687.58
2504181.0000	50705.88
2504181.0000	50719.73
2504181.0000	50736.87
2504181.0000	50750.58
2504181.0000	50762.17
2504181.0000	50778.55
2504181.0000	50793.17
2504181.0000	50804.53
2504181.0000	50817.93
2504181.0000	50831.80
2504181.0000	50843.58
2504181.0000	50856.56
2504181.0000	50869.61
2504181.0000	50882.54
2504181.0000	50899.13
2504181.0000	50910.63
2504181.0000	50927.13
2504181.0000	50941.96
2504181.0000	50953.77
2504181.0000	50966.70
2504181.0000	50978.78
2504181.0000	50992.08
2504181.0000	51007.23
2504181.0000	51019.77
2504181.0000	51033.95
2504181.0000	51073.50
2504181.0000	51093.95
2504181.0000	51110.77
2504181.0000	51124.33
2504181.0000	51137.41
2504181.0000	51152.54
2504181.0000	51166.97
2504181.0000	51188.39
2504181.0000	51202.71
2504181.0000	51217.19
2504181.0000	51229.71
2504181.0000	51241.81
2504181.0000	51258.17
2504181.0000	51272.12
2504181.0000	51284.64
2504181.0000	51296.90
2504181.0000	51307.82
2504181.0000	51320.05
2504181.0000	51332.76
2504181.0000	51346.99
2504181.0000	51360.49
2504181.0000	51372.37
2504181.0000	51388.53
2504181.0000	51403.84
2504181.0000	51414.88
2504181.0000	51428.88
2504181.0000	51441.44
2504181.0000	51463.66
2504181.0000	51480.04
2504181.0000	51495.25
2504181.0000	51507.16
2504181.0000	51520.24
2504181.0000	51535.48
2504181.0000	51547.26
2504181.0000	51559.76
2504181.0000	51579.30
2504181.0000	51594.15
2504181.0000	51610.96
2504181.0000	51624.13
2504181.0000	51635.83
2504181.0000	51649.35
2504181.0000	51662.15
2504181.0000	51674.84
2504181.0000	51686.03
2504181.0000	51697.56
2504181.0000	51712.82
2504181.0000	51725.42
2504181.0000	51738.91
2504181.0000	51750.67
2504181.0000	51767.03
2504181.0000	51779.82
2504181.0000	51791.40
2504181.0000	51995.35
2504181.0000	52018.25
2504181.0000	52029.14
2504181.0000	52051.02
2504181.0000	52062.80
2504181.0000	52113.03
2504181.0000	52125.45
2504181.0000	52173.62
2504181.0000	52186.51
2504181.0000	52217.45
2504181.0000	52232.11
2504181.0000	52256.08
2504181.0000	52267.20
2504181.0000	52279.56
2504181.0000	52290.91
2504181.0000	52304.39
2504181.0000	52330.07
2504181.0000	52339.96
2504181.0000	52353.81
2504181.0000	52388.66
2504181.0000	52399.48
2504181.0000	52413.86
2504181.0000	52425.39
2504181.0000	52448.64
2504181.0000	52468.37
2504181.0000	52495.61
2504181.0000	52507.27
2504181.0000	52517.53
2504181.0000	52552.13
2504181.0000	52579.87
2504181.0000	52599.74
2504181.0000	52619.15
2504181.0000	52632.48
2504181.0000	52655.35
2504181.0000	52665.08
2504181.0000	52687.01
2504181.0000	52698.23
2504181.0000	52714.87
2504181.0000	52724.59
2504181.0000	52735.06
2504181.0000	52746.13
2504181.0000	52763.99
2504181.0000	52783.21
2504181.0000	52797.48
2504181.0000	52810.80
2504181.0000	52820.41
2504181.0000	52836.15
2504181.0000	52854.55
2504181.0000	52865.18
2504181.0000	52875.38
2504181.0000	52885.76
2504181.0000	52896.41
2504181.0000	52906.86
2504181.0000	52917.50
2504181.0000	52930.23
2504181.0000	52946.80
2504181.0000	52960.76
2504181.0000	52976.45
2504181.0000	52987.52
2504181.0000	52999.09
2504181.0000	53033.80
2504181.0000	53047.68
2504181.0000	53062.90
2504181.0000	53074.28
2504181.0000	53089.56
2504181.0000	53101.78
2504181.0000	53113.34
2504181.0000	53124.89
2504181.0000	53139.52
2504181.0000	53155.64
2504181.0000	53166.78
2504181.0000	53180.72
2504181.0000	53192.73
2504181.0000	53203.74
2504181.0000	53218.80
2504181.0000	53230.85
2504181.0000	53243.14
2504181.0000	53255.24
2504181.0000	53267.75
2504181.0000	53283.09
2504181.0000	53300.00
2504181.0000	53315.40
2504181.0000	53328.55
2504181.0000	53341.25
2504181.0000	53354.89
2504181.0000	53374.84
2504181.0000	53389.18
2504181.0000	53404.77
2504181.0000	53422.31
2504181.0000	53433.92
2504181.0000	53449.37
2504181.0000	53462.99
2504181.0000	53474.99
2504181.0000	53486.49
2504181.0000	53501.35
2504181.0000	53513.20
2504181.0000	53525.61
2504181.0000	53536.48
2504181.0000	53548.34
2504181.0000	53559.77
2504181.0000	53571.56
2504181.0000	53626.74
2504181.0000	53639.57
2504181.0000	53651.10
2504181.0000	53665.73
2504181.0000	53677.81
2504181.0000	53688.97
2504181.0000	53702.22
2504181.0000	53715.19
2504181.0000	53727.65
2504181.0000	53741.38
2504181.0000	53755.64
2504181.0000	53770.75
2504181.0000	53782.43
2504181.0000	53794.79
2504181.0000	53805.72
2504181.0000	53819.61
2504181.0000	53832.94
2504181.0000	53845.24
2504181.0000	53857.03
2504181.0000	53868.23
2504181.0000	53881.89
2504181.0000	53894.84
2504181.0000	53906.37
2504181.0000	53917.66
2504181.0000	53930.21
2504181.0000	53943.85
2504181.0000	53956.63
2504181.0000	53967.58
2504181.0000	53979.45
2504181.0000	53993.55
2504181.0000	54009.62
2504181.0000	54029.28
2504181.0000	54042.86
2504181.0000	54055.79
2504181.0000	54067.97
2504181.0000	54080.04
2504181.0000	54091.01
2504181.0000	54103.17
2504181.0000	54117.18
2504181.0000	54128.87
2504181.0000	54141.04
2504181.0000	54153.02
2504181.0000	54164.76
2504181.0000	54175.80
2504181.0000	54187.01
2504181.0000	54250.27
2504181.0000	54267.53
2504181.0000	54279.11
2504181.0000	54298.51
2504181.0000	54309.71
2504181.0000	54325.58
2504181.0000	54343.22
2504181.0000	54358.40
2504181.0000	54369.65
2504181.0000	54385.76
2504181.0000	54398.24
2504181.0000	54411.11
2504181.0000	54422.92
2504181.0000	54442.55
2504181.0000	54453.66
2504181.0000	54468.39
2504181.0000	54483.94
2504181.0000	54496.29
2504181.0000	54508.83
2504181.0000	54525.00
2504181.0000	54536.13
2504181.0000	54552.19
2504181.0000	54564.68
2504181.0000	54575.79
2504181.0000	54587.28
2504181.0000	54663.70
2504181.0000	54674.77
2504181.0000	54686.13
2504181.0000	54697.77
2504181.0000	54713.20
2504181.0000	54730.90
2504181.0000	54742.54
2504181.0000	54757.67
2504181.0000	54770.53
2504181.0000	54784.67
2504181.0000	54795.93
2504181.0000	54812.46
2504181.0000	54823.60
2504181.0000	54834.90
2504181.0000	54848.99
2504181.0000	54860.64
2504181.0000	54877.01
2504181.0000	54890.61
2504181.0000	54901.84
2504181.0000	54914.69
2504181.0000	54930.24
2504181.0000	54942.29
2504181.0000	54954.75
2504181.0000	54967.90
2504181.0000	54986.25
2504181.0000	54999.31
2504181.0000	55071.49
2504181.0000	55087.79
2504181.0000	55102.91
2504181.0000	55117.03
2504181.0000	55135.36
2504181.0000	55149.65
2504181.0000	55164.28
2504181.0000	55175.58
2504181.0000	55189.38
2504181.0000	55206.89
2504181.0000	55218.39
2504181.0000	55233.82
2504181.0000	55246.97
2504181.0000	55263.30
2504181.0000	55276.75
2504181.0000	55289.25
2504181.0000	55300.59
2504181.0000	55315.71
2504181.0000	55329.46
2504181.0000	55342.69
2504181.0000	55358.08
2504181.0000	55369.11
2504181.0000	55382.38
2504181.0000	55395.24
2504181.0000	55407.05
2504181.0000	55419.07
2504181.0000	55431.85
2504181.0000	55447.19
2504181.0000	55459.82
2504181.0000	55474.10
2504181.0000	55485.29
2504181.0000	55500.56
2504181.0000	55512.30
2504181.0000	55526.05
2504181.0000	55539.11
2504181.0000	55552.68
2504181.0000	55564.29
2504181.0000	55576.06
2504181.0000	55589.24
2504181.0000	55601.04
2504181.0000	55611.93
2504181.0000	55624.54
2504181.0000	55635.88
2504181.0000	55647.87
2504181.0000	55658.95
2504181.0000	55670.31
2504181.0000	55683.39
2504181.0000	55794.68
2504181.0000	55833.31
2504181.0000	55849.92
2504181.0000	55865.63
2504181.0000	55881.95
2504181.0000	55929.88
2504181.0000	55986.42
2504181.0000	56007.88
2504181.0000	56035.86
2504181.0000	56051.58
2504181.0000	56088.59
2504181.0000	56101.85
2504181.0000	56118.59
2504181.0000	56147.78
2504181.0000	56158.26
2504181.0000	56181.22
2504181.0000	56211.94
2504181.0000	56232.84
2504181.0000	56246.67
2504181.0000	56261.86
2504181.0000	56286.88
2504181.0000	56298.24
2504181.0000	56336.35
2504181.0000	56351.17
2504181.0000	56378.80
2504181.0000	56389.08
2504181.0000	56399.09
2504181.0000	56418.58
2504181.0000	56429.42
2504181.0000	56440.51
2504181.0000	56451.62
2504181.0000	56463.55
2504181.0000	56477.31
2504181.0000	56488.60
2504181.0000	56502.47
2504181.0000	56569.76
2504181.0000	56584.29
2504181.0000	56595.77
2504181.0000	56607.36
2504181.0000	56621.23
2504181.0000	56636.29
2504181.0000	56648.76
2504181.0000	56662.42
2504181.0000	56673.57
2504181.0000	56690.16
2504181.0000	56702.00
2504181.0000	56713.79
2504181.0000	56726.02
2504181.0000	56739.07
2504181.0000	56753.16
2504181.0000	56768.59
2504181.0000	56781.65
2504181.0000	56795.82
2504181.0000	56806.82
2504181.0000	56818.09
2504181.0000	56829.62
2504181.0000	56841.66
2504181.0000	56853.25
2504181.0000	56864.27
2504181.0000	56878.20
2504181.0000	56892.10
2504181.0000	56902.84
2504181.0000	56914.45
2504181.0000	56926.62
2504181.0000	56945.94
2504181.0000	56958.65
2504181.0000	56974.42
2504181.0000	56987.68
2504181.0000	56999.50
2504181.0000	57012.93
2504181.0000	57025.56
2504181.0000	57038.15
2504181.0000	57055.22
2504181.0000	57067.61
2504181.0000	57079.84
2504181.0000	57093.20
2504181.0000	57107.92
2504181.0000	57124.13
2504181.0000	57137.26
2504181.0000	57150.20
2504181.0000	57214.93
2504181.0000	57228.87
2504181.0000	57241.21
2504181.0000	57252.65
2504181.0000	57263.95
2504181.0000	57275.73
2504181.0000	57287.96
2504181.0000	57300.25
2504181.0000	57314.91
2504181.0000	57326.98
2504181.0000	57342.01
2504181.0000	57354.72
2504181.0000	57369.05
2504181.0000	57383.20
2504181.0000	57395.37
2504181.0000	57410.30
2504181.0000	57452.82
2504181.0000	57516.93
2504181.0000	57543.45
2504181.0000	57555.13
2504181.0000	57580.38
2504181.0000	57595.15
2504181.0000	57609.61
2504181.0000	57621.19
2504181.0000	57640.62
2504181.0000	57652.09
2504181.0000	57663.62
2504181.0000	57676.85
2504181.0000	57688.12
2504181.0000	57700.38
2504181.0000	57723.35
2504181.0000	57735.75
2504181.0000	57749.14
2504181.0000	57760.42
2504181.0000	57777.07
2504181.0000	57788.44
2504181.0000	57800.80
2504181.0000	57817.94
2504181.0000	57829.76
2504181.0000	57842.17
2504181.0000	57853.75
2504181.0000	57866.01
2504181.0000	57879.34
2504181.0000	57893.61
2504181.0000	57906.27
2504181.0000	57917.35
2504181.0000	57928.93
2504181.0000	57941.31
2504181.0000	57953.94
2504181.0000	57970.87
2504181.0000	57984.66
2504181.0000	58000.11
2504181.0000	58014.37
2504181.0000	58026.14
2504181.0000	58041.08
2504181.0000	58075.94
2504181.0000	58087.38
2504181.0000	58100.59
2504181.0000	58111.75
2504181.0000	58123.92
2504181.0000	58138.42
2504181.0000	58150.82
2504181.0000	58180.95
2504181.0000	58193.10
2504181.0000	58204.71
2504181.0000	58216.22
2504181.0000	58228.56
2504181.0000	58239.97
2504181.0000	58295.49
2504181.0000	58311.99
2504181.0000	58336.72
2504181.0000	58351.16
2504181.0000	58367.38
2504181.0000	58388.24
2504181.0000	58402.14
2504181.0000	58422.53
2504181.0000	58434.94
2504181.0000	58448.86
2504181.0000	58466.47
2504181.0000	58478.16
2504181.0000	58489.68
2504181.0000	58503.07
2504181.0000	58515.60
2504181.0000	58530.38
2504181.0000	58546.10
2504181.0000	58565.73
2504181.0000	58579.62
2504181.0000	58592.24
2504181.0000	58604.13
2504181.0000	58621.36
2504181.0000	58634.35
2504181.0000	58647.35
2504181.0000	58663.43
2504181.0000	58683.84
2504181.0000	58698.35
2504181.0000	58712.15
2504181.0000	58730.09
2504181.0000	58743.90
2504181.0000	58755.11
2504181.0000	58766.55
2504181.0000	58779.49
2504181.0000	58797.51
2504181.0000	58808.77
2504181.0000	58821.94
2504181.0000	58841.69
2504181.0000	58862.93
2504181.0000	58879.69
2504181.0000	58892.84
2504181.0000	58904.87
2504181.0000	58922.18
2504181.0000	58940.62
2504181.0000	58959.26
2504181.0000	58970.62
2504181.0000	58984.07
2504181.0000	58999.92
2504181.0000	59014.02
2504181.0000	59030.11
2504181.0000	59044.66
2504181.0000	59056.45
2504181.0000	59067.84
2504181.0000	59084.76
2504181.0000	59096.61
2504181.0000	59107.85
2504181.0000	59120.84
2504181.0000	59136.44
2504181.0000	59150.10
2504181.0000	59165.11
2504181.0000	59365.28
2504181.0000	59427.34
2504181.0000	59438.35
2504181.0000	59457.48
2504181.0000	59477.27
2504181.0000	59495.90
2504181.0000	59514.66
2504181.0000	59531.44
2504181.0000	59546.07
2504181.0000	59562.62
2504181.0000	59577.32
2504181.0000	59593.42
2504181.0000	59605.48
2504181.0000	59620.08
2504181.0000	59630.97
2504181.0000	59645.49
2504181.0000	59658.75
2504181.0000	59671.99
2504181.0000	59683.34
2504181.0000	59696.18
2504181.0000	59708.31
2504181.0000	59721.29
2504181.0000	59732.77
2504181.0000	59744.57
2504181.0000	59759.05
2504181.0000	59773.34
2504181.0000	59785.32
2504181.0000	59797.44
2504181.0000	59809.16
2504181.0000	59825.90
2504181.0000	59838.30
2504181.0000	59852.50
2504181.0000	59863.64
2504181.0000	59876.18
2504181.0000	59889.87
2504181.0000	59907.27
2504181.0000	59918.38
2504181.0000	59930.61
2504181.0000	59945.42
2504181.0000	59960.85
2504181.0000	59975.68
2504181.0000	59988.14
2504181.0000	59998.88
2504181.0000	60013.84
2504181.0000	60025.53
2504181.0000	60037.37
2504181.0000	60049.04
2504181.0000	60062.28
2504181.0000	60073.75
2504181.0000	60084.87
2504181.0000	60118.05
2504181.0000	60142.31
2504181.0000	60153.76
2504181.0000	60173.62
2504181.0000	60365.51
2504181.0000	60384.08
2504181.0000	60405.89
2504181.0000	60505.43
2504181.0000	60520.20
2504181.0000	60543.82
2504181.0000	60564.49
2504181.0000	60583.34
2504181.0000	60680.66
2504181.0000	60699.02
2504181.0000	60718.35
2504181.0000	60828.85
2504181.0000	60842.53
2504181.0000	60857.53
2504181.0000	60912.54
2504181.0000	60930.83
2504181.0000	61005.58
2504181.0000	61035.18
2504181.0000	61069.87
2504181.0000	61136.91
2504181.0000	61211.44
2504181.0000	61228.42
2504181.0000	61310.80
2504181.0000	61364.65
2504181.0000	61420.69
2504181.0000	61474.58
2504181.0000	61490.16
2504181.0000	61553.28
2504181.0000	61607.70
2504181.0000	61642.69
2504181.0000	61684.21
2504181.0000	61713.54
2504181.0000	61727.69
2504181.0000	61757.54
2504181.0000	61766.76
2504181.0000	61777.17
2504181.0000	61796.11
2504181.0000	61807.00
2504181.0000	61818.33
2504181.0000	61834.36
2504181.0000	61843.39
2504181.0000	61858.88
2504181.0000	61869.51
2504181.0000	61878.79
2504181.0000	61890.29
2504181.0000	61899.55
2504181.0000	61922.32
2504181.0000	61933.58
2504181.0000	61944.90
2504181.0000	61955.63
2504181.0000	61967.38
2504181.0000	62002.19
2504181.0000	62015.16
2504181.0000	62027.49
2504181.0000	62040.08
2504181.0000	62052.41
2504181.0000	62066.87
2504181.0000	62079.39
2504181.0000	62090.96
2504181.0000	63729.94
2504181.0000	63741.64
2504181.0000	63753.42
2504181.0000	63765.01
2504181.0000	63776.84
2504181.0000	63788.81
2504181.0000	63800.37
2504181.0000	63814.90
2504181.0000	63826.45
2504181.0000	63839.60
2504181.0000	63853.45
2504181.0000	63865.32
2504181.0000	63877.60
2504181.0000	63893.34
2504181.0000	63905.56
2504181.0000	63918.56
2504181.0000	63931.44
2504181.0000	63945.24
2504181.0000	63956.77
2504349.0000	63966.63
2504349.0000	63997.07
2504349.0000	64009.97
2504349.0000	64022.40
2504349.0000	64034.45
2504349.0000	64052.55
2504349.0000	64064.72
2504349.0000	64077.89
2504349.0000	64091.06
2504349.0000	64113.66
2504525.0000	64129.79
2504525.0000	64129.84
2504525.0000	64142.35
2504525.0000	64153.99
2504525.0000	64170.71
2504525.0000	64188.50
2504525.0000	64200.46
2504525.0000	64212.70
2504525.0000	64225.64
2504525.0000	64237.61
2504525.0000	64252.90
2504525.0000	64263.57
2504525.0000	64275.40
2504525.0000	64286.01
2504525.0000	64297.21
2504525.0000	64308.24
2504525.0000	64320.30
2504525.0000	64333.07
2504525.0000	64342.75
2504525.0000	64355.36
2504525.0000	64366.64
2504525.0000	64377.41
2504525.0000	64420.59
2504525.0000	64430.21
2504525.0000	64442.75
2504525.0000	64454.90
2504525.0000	64465.57
2504525.0000	64476.69
2504525.0000	64489.28
2504525.0000	64502.39
2504525.0000	64515.13
2504525.0000	64526.19
2504525.0000	64539.36
2504525.0000	64550.46
2504525.0000	64561.53
2504525.0000	64574.15
2504525.0000	64587.24
2504525.0000	64597.37
2504525.0000	64606.93
2504525.0000	64620.41
2504525.0000	64631.91
2504525.0000	64642.10
2504525.0000	64654.15
2504525.0000	64664.39
2504525.0000	64677.94
2504525.0000	64688.16
2504525.0000	64701.38
2504525.0000	64712.18
2504525.0000	64722.56
2504525.0000	64733.88
2504525.0000	64743.91
2504525.0000	64753.99
2504525.0000	64801.17
2504525.0000	64812.92
2504525.0000	64824.10
2504525.0000	64834.32
2504525.0000	64844.75
2504525.0000	64857.32
2504525.0000	64866.77
2504525.0000	64877.20
2504525.0000	64886.35
2504525.0000	64895.61
2504525.0000	64909.37
2504525.0000	64920.13
2504525.0000	64931.05
2504525.0000	64941.72
2504525.0000	64956.40
2504525.0000	64967.00
2504525.0000	64976.86
2504525.0000	64985.93
2504525.0000	64997.70
2504525.0000	65009.73
2504525.0000	65019.47
2504525.0000	65032.15
2504525.0000	65043.20
2504525.0000	65055.75
2504525.0000	65087.88
2504525.0000	65131.28
2504525.0000	65142.46
2504525.0000	65153.64
2504525.0000	65170.46
2504525.0000	65181.06
2504525.0000	65191.62
2504525.0000	65205.22
2504525.0000	65217.42
2504525.0000	65234.08
2504525.0000	65244.80
2504525.0000	65261.94
2504525.0000	65276.59
2504525.0000	65286.99
2504525.0000	65298.86
2504525.0000	65312.18
2504525.0000	65323.73
2504525.0000	65334.26
2504525.0000	65344.44
2504525.0000	65360.03
2504525.0000	65370.79
2504525.0000	65386.10
2504525.0000	65402.47
2504525.0000	65416.94
2504525.0000	65426.65
2504525.0000	65440.59
2504525.0000	65450.65
2504525.0000	65463.11
2504525.0000	65476.40
2504525.0000	65488.49
2504525.0000	65498.51
2504525.0000	65510.01
2504525.0000	65523.68
2504525.0000	65534.56
2504525.0000	65547.25
2504663.0000	65555.00
2504663.0000	65559.98
2504663.0000	65592.90
2504663.0000	65632.84
2504663.0000	65647.51
2504663.0000	65668.67
2504663.0000	65677.42
2504663.0000	65690.70
2504663.0000	65699.29
2504663.0000	65709.57
2504663.0000	65724.58
2504663.0000	65733.67
2504663.0000	65742.91
2504663.0000	65752.42
2504663.0000	65761.71
2504663.0000	65772.57
2504663.0000	65782.65
2504663.0000	65825.67
2504663.0000	65836.78
2504663.0000	65847.62
2504663.0000	65859.23
2504663.0000	65869.97
2504663.0000	65881.52
2504663.0000	65892.62
2504663.0000	65903.83
2504663.0000	65916.43
2504663.0000	65927.67
2504663.0000	65939.08
2504663.0000	65953.75
2504663.0000	65965.50
2504663.0000	65976.59
2504663.0000	65986.50
2504663.0000	65998.97
2504663.0000	66008.83
2504663.0000	66019.71
2504663.0000	66032.14
2504663.0000	66042.62
2504663.0000	66054.17
2504663.0000	66064.94
2504663.0000	66074.87
2504663.0000	66085.21
2504663.0000	66096.30
2504663.0000	66108.80
2504663.0000	66119.79
2504663.0000	66130.17
2504663.0000	66142.08
2504663.0000	66151.93
2504663.0000	66164.68
2504663.0000	66176.26
2504663.0000	66186.87
2504663.0000	66196.83
2504663.0000	66209.11
2504663.0000	66219.34
2504663.0000	66231.16
2504663.0000	66241.58
2504663.0000	66251.79
2504663.0000	66263.99
2504663.0000	66273.04
2504663.0000	66283.20
2504663.0000	66294.09
2504663.0000	66304.80
2504663.0000	66315.84
2504663.0000	66326.84
2504663.0000	66337.61
2504663.0000	66347.45
2504663.0000	66358.50
2504663.0000	66370.51
2504663.0000	66381.96
2504663.0000	66393.12
2504663.0000	66403.23
2504663.0000	66415.83
2504663.0000	66428.14
2504663.0000	66440.44
2504663.0000	66452.88
2504663.0000	66464.48
2504663.0000	66475.38
2504663.0000	66485.59
2504663.0000	66497.46
2504663.0000	66510.30
2504663.0000	66520.34
2504663.0000	66530.21
2504663.0000	66541.34
2504663.0000	66895.11
2504663.0000	66910.42
2504663.0000	66926.05
2504663.0000	66945.63
2504663.0000	66958.20
2504663.0000	66973.60
2504663.0000	66985.67
2504663.0000	66997.53
2504663.0000	67010.75
2504663.0000	67023.78
2504663.0000	67033.65
2504663.0000	67045.23
2504663.0000	67060.06
2504663.0000	67076.78
2504663.0000	67090.21
2504663.0000	67101.66
2504663.0000	67113.29
2504663.0000	67131.28
2504663.0000	67141.53
2504663.0000	67157.95
2504663.0000	67177.25
2504663.0000	67190.62
2504663.0000	67231.34
2504663.0000	67243.82
2504663.0000	67255.76
2504663.0000	67267.35
2504663.0000	67279.27
2504663.0000	67291.32
2504663.0000	67302.81
2504663.0000	67314.72
2504663.0000	67327.10
2504663.0000	67338.00
2504663.0000	67351.79
2504663.0000	67369.06
2504663.0000	67380.39
2504663.0000	67392.95
2504663.0000	67403.67
2504663.0000	67419.32
2504663.0000	67438.57
2504663.0000	67449.86
2504663.0000	67464.33
2504663.0000	67476.08
2504663.0000	67490.34
2504663.0000	67501.29
2504663.0000	67517.38
2504663.0000	67527.16
2504686.0000	67539.63
2504686.0000	67539.70
2504686.0000	67569.08
2504686.0000	67580.08
2504686.0000	67590.59
2504686.0000	67600.56
2504686.0000	67611.53
2504686.0000	67621.48
2504686.0000	67631.90
2504686.0000	67641.49
2504686.0000	67651.36
2504686.0000	67661.93
2504686.0000	67671.15
2504686.0000	67681.89
2504686.0000	67693.42
2504686.0000	67788.13
2504686.0000	67797.13
2504686.0000	67809.74
2504686.0000	67820.16
2504686.0000	67831.83
2504686.0000	67842.44
2504686.0000	67852.58
2504686.0000	67862.82
2504686.0000	67875.03
2504686.0000	67887.29
2504686.0000	67898.18
2504686.0000	67907.48
2504686.0000	67918.71
2504686.0000	67929.14
2504686.0000	67938.89
2504686.0000	67949.60
2504686.0000	68038.95
2504686.0000	68055.20
2504686.0000	68083.66
2504686.0000	68094.74
2504686.0000	68104.19
2504686.0000	68113.24
2504686.0000	68135.68
2504686.0000	68145.41
2504686.0000	68156.35
2504695.0000	68256.82
2504695.0000	69637.88
2504700.0000	70923.39
