NAME : NewYork
TYPE : MCLP
EDGE_WEIGHT_TYPE : COORD
DIMENSION : 2713
NODE_COORD_SECTION	
40.6899138 -074.0453133
40.7140465 -073.9861951
40.7123064 -073.9858950
40.7110969 -073.9857358
40.7137327 -073.9824138
40.7142721 -073.9833143
40.7142220 -073.9850802
40.7134892 -073.9845127
40.7127808 -073.9844179
40.7118519 -073.9842782
40.7110607 -073.9835825
40.7111720 -073.9819343
40.7109982 -073.9843123
40.7123919 -073.9824054
40.7128269 -073.9830864
40.7122580 -073.9835666
40.7118687 -073.9829368
40.7125349 -073.9809536
40.7124889 -073.9813708
40.7124382 -073.9818824
40.7129697 -073.9793750
40.7142115 -073.9914028
40.7136226 -073.9913117
40.7129196 -073.9912020
40.7122351 -073.9907481
40.7121453 -073.9919240
40.7114660 -073.9909932
40.7105115 -073.9908827
40.7139115 -073.9878825
40.7137827 -073.9894060
40.7132041 -073.9877687
40.7130785 -073.9892948
40.7121899 -073.9871645
40.7120858 -073.9883469
40.7119693 -073.9895228
40.7109322 -073.9873174
40.7107445 -073.9887830
40.7102186 -073.9880046
40.7077606 -074.0092271
40.7066913 -074.0080737
40.7070528 -074.0077098
40.7064108 -074.0103454
40.7056078 -074.0073798
40.7048135 -074.0084354
40.7051987 -074.0086185
40.7056027 -074.0086008
40.7059370 -074.0093283
40.7054474 -074.0095709
40.7050529 -074.0094363
40.7047393 -074.0075204
40.7042865 -074.0069514
40.7038139 -074.0050607
40.7138344 -073.9960088
40.7132455 -073.9958671
40.7125510 -073.9957274
40.7118357 -073.9955882
40.7108680 -073.9959648
40.7110133 -073.9947556
40.7140567 -073.9935231
40.7134724 -073.9932352
40.7126765 -073.9940279
40.7119797 -073.9937971
40.7120918 -073.9929085
40.7093946 -073.9940340
40.7055747 -074.0107620
40.7056578 -074.0118654
40.7044399 -074.0124907
40.7048321 -074.0121494
40.7047657 -074.0109489
40.7040727 -074.0109627
40.7042953 -074.0101064
40.7039094 -074.0098346
40.7027410 -074.0136496
40.7029254 -074.0126919
40.7033343 -074.0110208
40.7016920 -074.0107826
40.7038092 -074.0123719
40.7143204 -073.9784005
40.7194036 -073.9782235
40.7186815 -073.9779563
40.7187262 -073.9788640
40.7178032 -073.9789515
40.7165152 -073.9786028
40.7170756 -073.9793964
40.7166879 -073.9801300
40.7164512 -073.9794287
40.7161538 -073.9780982
40.7172294 -073.9769119
40.7185168 -073.9761730
40.7178695 -073.9832425
40.7158044 -073.9843476
40.7155213 -073.9835247
40.7162787 -073.9830851
40.7151664 -073.9822561
40.7148741 -073.9805732
40.7097131 -074.0122740
40.7099448 -074.0141709
40.7104043 -074.0103710
40.7093442 -074.0124797
40.7087997 -074.0146152
40.7085055 -074.0138280
40.7091140 -074.0135713
40.7079510 -074.0149363
40.7074689 -074.0134933
40.7071514 -074.0144415
40.7057984 -074.0157832
40.7072846 -074.0126833
40.7048504 -074.0159463
40.7157955 -073.9882806
40.7147475 -073.9887393
40.7150349 -073.9859289
40.7185380 -073.9858391
40.7188072 -073.9866709
40.7165541 -073.9868729
40.7168030 -073.9877049
40.7183782 -073.9849528
40.7169382 -073.9852281
40.7162972 -073.9860268
40.7160335 -073.9851882
40.7116331 -074.0045869
40.7116281 -074.0064145
40.7113163 -074.0076492
40.7107732 -074.0082303
40.7110286 -074.0071012
40.7105517 -074.0064303
40.7110615 -074.0057523
40.7111049 -074.0047968
40.7102920 -074.0049307
40.7098798 -074.0054547
40.7094986 -074.0057975
40.7100688 -074.0069151
40.7094264 -074.0035697
40.7088195 -074.0017404
40.7078555 -074.0008434
40.7072241 -074.0020493
40.7076760 -074.0035847
40.7082999 -074.0012147
40.7076870 -074.0024366
40.7082811 -074.0041322
40.7102281 -074.0086653
40.7097004 -074.0091922
40.7096739 -074.0077502
40.7093031 -074.0071392
40.7088996 -074.0064266
40.7082819 -074.0070766
40.7089348 -074.0092611
40.7092721 -074.0098257
40.7078084 -074.0074402
40.7088087 -074.0056432
40.7083872 -074.0056411
40.7078848 -074.0051543
40.7073649 -074.0047513
40.7076928 -074.0061880
40.7072644 -074.0067381
40.7060791 -074.0056116
40.7059124 -074.0045247
40.7177099 -073.9946242
40.7165554 -073.9952158
40.7157227 -073.9952263
40.7148471 -073.9959023
40.7169460 -073.9921201
40.7172008 -073.9929593
40.7157960 -073.9927083
40.7150119 -073.9940312
40.7147836 -073.9932643
40.7162577 -073.9898555
40.7164979 -073.9906302
40.7166813 -073.9912475
40.7168036 -073.9915958
40.7151434 -073.9904434
40.7153457 -073.9912229
40.7155338 -073.9918447
40.7146248 -073.9916579
40.7145414 -073.9903983
40.7170522 -073.9885170
40.7175483 -073.9900896
40.7177359 -073.9907062
40.7182242 -073.9888384
40.7184598 -073.9896214
40.7186548 -073.9902472
40.7190678 -073.9874788
40.7193160 -073.9882769
40.7195524 -073.9890615
40.7197432 -073.9896965
40.7198629 -073.9900617
40.7200068 -073.9905685
40.7202568 -073.9913948
40.7208059 -073.9931662
40.7196951 -073.9936783
40.7187714 -073.9941006
40.7179994 -073.9915921
40.7182537 -073.9924210
40.7189167 -073.9911264
40.7191670 -073.9919526
40.7215661 -073.9767821
40.7215915 -073.9757029
40.7208643 -073.9755752
40.7200678 -073.9754302
40.7201867 -073.9760251
40.7203979 -073.9767268
40.7210213 -073.9774276
40.7206236 -073.9776500
40.7193693 -073.9756042
40.7200015 -073.9778118
40.7154724 -074.0083862
40.7149395 -074.0088124
40.7142700 -074.0073507
40.7147997 -074.0069168
40.7137076 -074.0077971
40.7143715 -074.0092568
40.7138200 -074.0096943
40.7131615 -074.0082454
40.7120422 -074.0091363
40.7162307 -074.0100618
40.7156005 -074.0102444
40.7163892 -074.0120124
40.7155804 -074.0122957
40.7149679 -074.0105659
40.7202133 -073.9820529
40.7204729 -073.9829039
40.7207253 -073.9837374
40.7190057 -073.9826535
40.7194028 -073.9839375
40.7190845 -073.9814334
40.7194574 -073.9795662
40.7178503 -073.9808631
40.7208543 -073.9796588
40.7218481 -073.9820253
40.7213453 -073.9825239
40.7231908 -073.9729404
40.7237383 -073.9741711
40.7239981 -073.9748385
40.7241745 -073.9753848
40.7234816 -073.9758199
40.7223549 -073.9752281
40.7230502 -073.9748366
40.7228164 -073.9762399
40.7257924 -073.9734826
40.7116711 -073.9972665
40.7114428 -073.9987928
40.7111068 -074.0000282
40.7103317 -073.9996388
40.7106201 -073.9987090
40.7104455 -073.9973871
40.7092951 -073.9974027
40.7096716 -073.9983988
40.7093016 -073.9992414
40.7226945 -073.9783110
40.7220836 -073.9787567
40.7214781 -073.9791984
40.7233894 -073.9809015
40.7224778 -073.9815663
40.7244883 -073.9770053
40.7238850 -073.9774438
40.7232906 -073.9778773
40.7254865 -073.9793726
40.7248832 -073.9798127
40.7242888 -073.9802476
40.7131472 -073.9986493
40.7130985 -073.9976511
40.7125293 -073.9999613
40.7124653 -073.9983348
40.7120860 -073.9990890
40.7285987 -073.9770992
40.7279224 -073.9775819
40.7272842 -073.9780544
40.7266705 -073.9785028
40.7260771 -073.9789350
40.7269249 -073.9752250
40.7265048 -073.9762141
40.7258965 -073.9766564
40.7250821 -073.9765670
40.7170963 -074.0001178
40.7161149 -074.0007960
40.7151571 -073.9991575
40.7166370 -073.9993712
40.7163656 -073.9985413
40.7157827 -073.9968963
40.7160867 -073.9977387
40.7150854 -073.9978642
40.7142347 -073.9983428
40.7144677 -073.9976597
40.7140730 -073.9990966
40.7136051 -074.0000072
40.7130516 -074.0018937
40.7136314 -074.0024218
40.7217337 -073.9870323
40.7219626 -073.9878251
40.7222210 -073.9884976
40.7205329 -073.9876535
40.7207694 -073.9884404
40.7209615 -073.9890720
40.7210551 -073.9894434
40.7209832 -073.9845737
40.7212371 -073.9854178
40.7197868 -073.9851949
40.7202886 -073.9868503
40.7228354 -073.9843573
40.7222076 -073.9848986
40.7237962 -073.9866274
40.7231433 -073.9871002
40.7184186 -074.0011710
40.7178091 -074.0016899
40.7181673 -074.0024465
40.7175847 -074.0029679
40.7172185 -074.0022382
40.7168087 -074.0030556
40.7163760 -074.0033539
40.7161232 -074.0036790
40.7274300 -073.9839821
40.7268263 -073.9844209
40.7262306 -073.9848553
40.7256356 -073.9852909
40.7250325 -073.9857283
40.7244261 -073.9861693
40.7234683 -073.9839068
40.7246778 -073.9830196
40.7240716 -073.9834588
40.7261672 -073.9819344
40.7252733 -073.9825851
40.7198462 -074.0029521
40.7193271 -074.0032397
40.7187443 -074.0036989
40.7182963 -074.0044999
40.7175697 -074.0046631
40.7169764 -074.0051443
40.7153368 -074.0064864
40.7157668 -074.0057862
40.7206643 -074.0043521
40.7195452 -074.0055514
40.7188819 -074.0058148
40.7182702 -074.0061862
40.7176713 -074.0066553
40.7165598 -074.0075265
40.7160087 -074.0079613
40.7221899 -074.0072857
40.7210814 -074.0062099
40.7213637 -074.0055414
40.7207072 -074.0055917
40.7200291 -074.0063033
40.7201963 -074.0076374
40.7195388 -074.0077580
40.7194482 -074.0065147
40.7188961 -074.0077238
40.7183197 -074.0080489
40.7170751 -074.0086070
40.7164616 -074.0088660
40.7295909 -073.9794396
40.7289158 -073.9799296
40.7282766 -073.9803953
40.7276563 -073.9808479
40.7292335 -073.9826668
40.7286135 -073.9831189
40.7280207 -073.9835522
40.7305461 -073.9817046
40.7298726 -073.9822004
40.7224191 -073.9893309
40.7212289 -073.9899367
40.7226758 -073.9901545
40.7214735 -073.9907727
40.7232635 -073.9920885
40.7220355 -073.9926187
40.7247605 -073.9889249
40.7241040 -073.9893925
40.7256432 -073.9910153
40.7249450 -073.9913829
40.7242796 -073.9917749
40.7235886 -073.9898735
40.7276276 -074.0102300
40.7259916 -074.0095168
40.7267671 -074.0093685
40.7270359 -074.0081410
40.7262933 -074.0082625
40.7258398 -074.0079576
40.7249010 -074.0081124
40.7251635 -074.0088402
40.7254353 -074.0095728
40.7279340 -074.0026702
40.7281423 -074.0030233
40.7281332 -074.0042520
40.7274192 -074.0043915
40.7273145 -074.0030299
40.7267050 -074.0045923
40.7259738 -074.0047997
40.7252914 -074.0052185
40.7254331 -074.0067254
40.7247978 -074.0068456
40.7246490 -074.0053278
40.7240101 -074.0053800
40.7233764 -074.0055407
40.7293343 -073.9885199
40.7299727 -073.9893487
40.7287695 -073.9890184
40.7280499 -073.9891735
40.7275761 -073.9899006
40.7269613 -073.9903072
40.7263187 -073.9906594
40.7253875 -073.9884595
40.7265994 -073.9875795
40.7259965 -073.9880267
40.7271968 -073.9871476
40.7283953 -073.9862738
40.7277918 -073.9867124
40.7246620 -074.0107177
40.7244811 -074.0098016
40.7248665 -074.0096883
40.7242173 -074.0090760
40.7236683 -074.0088157
40.7238002 -074.0098813
40.7238977 -074.0108612
40.7232434 -074.0109877
40.7231482 -074.0099959
40.7230316 -074.0088258
40.7223767 -074.0089439
40.7224919 -074.0101088
40.7225893 -074.0111072
40.7219223 -074.0112355
40.7218293 -074.0102348
40.7217584 -074.0094829
40.7216859 -074.0087061
40.7195718 -074.0112953
40.7178319 -074.0116083
40.7210042 -074.0088263
40.7210737 -074.0096192
40.7203574 -074.0093229
40.7197038 -074.0094410
40.7190476 -074.0095514
40.7183086 -074.0091463
40.7184025 -074.0099360
40.7177258 -074.0100857
40.7176276 -074.0092840
40.7168990 -074.0099301
40.7324752 -073.9863118
40.7318118 -073.9867976
40.7310375 -073.9869505
40.7315176 -073.9880642
40.7305504 -073.9877127
40.7296912 -073.9876643
40.7302226 -073.9886197
40.7289865 -073.9858435
40.7302001 -073.9849588
40.7295803 -073.9854110
40.7315047 -073.9840027
40.7308393 -073.9844934
40.7208018 -073.9943840
40.7211129 -073.9952273
40.7203899 -073.9954986
40.7200841 -073.9946541
40.7191557 -073.9950363
40.7180226 -073.9955548
40.7169004 -073.9962043
40.7194700 -073.9958688
40.7183141 -073.9963795
40.7172055 -073.9970454
40.7197655 -073.9966646
40.7185927 -073.9971850
40.7174852 -073.9978480
40.7199950 -073.9974037
40.7201882 -073.9979233
40.7190831 -073.9987241
40.7188776 -073.9980078
40.7178075 -073.9986360
40.7181565 -073.9993555
40.7214112 -073.9960194
40.7217246 -073.9968444
40.7209862 -073.9971120
40.7206863 -073.9962938
40.7334793 -073.9886444
40.7327224 -073.9889290
40.7320194 -073.9892473
40.7313421 -073.9895616
40.7306921 -073.9898510
40.7234007 -073.9933705
40.7237116 -073.9941776
40.7239957 -073.9949314
40.7238696 -073.9958716
40.7218275 -073.9939773
40.7221714 -073.9948082
40.7248348 -073.9958320
40.7246848 -073.9968328
40.7241591 -073.9964063
40.7230651 -073.9971959
40.7234496 -073.9978822
40.7228284 -073.9964129
40.7224921 -073.9955870
40.7337010 -073.9791254
40.7331248 -073.9768481
40.7320888 -073.9749385
40.7318849 -073.9760357
40.7306131 -073.9749779
40.7297928 -073.9765079
40.7302344 -073.9789730
40.7316777 -073.9795155
40.7315303 -073.9809911
40.7329349 -073.9805270
40.7323852 -073.9793663
40.7218650 -073.9980816
40.7222237 -073.9989182
40.7211202 -073.9998509
40.7207394 -073.9990367
40.7204292 -073.9983601
40.7212102 -073.9977633
40.7201919 -074.0006449
40.7194763 -073.9991723
40.7198093 -073.9998460
40.7192132 -074.0008764
40.7186284 -073.9998905
40.7248860 -074.0040080
40.7244633 -074.0035147
40.7241038 -074.0027908
40.7237394 -074.0020538
40.7237161 -074.0042023
40.7232065 -074.0045046
40.7229604 -074.0037418
40.7234797 -074.0034823
40.7220545 -074.0045315
40.7225237 -074.0049606
40.7216428 -074.0038196
40.7226540 -074.0029728
40.7222760 -074.0021883
40.7219024 -074.0014300
40.7215160 -074.0006530
40.7205930 -074.0014394
40.7207859 -074.0023717
40.7212092 -074.0030860
40.7198871 -074.0020200
40.7356107 -073.9840282
40.7350256 -073.9844546
40.7346083 -073.9852801
40.7339950 -073.9857265
40.7331627 -073.9858102
40.7332854 -073.9821508
40.7326744 -073.9826039
40.7321915 -073.9834949
40.7346233 -073.9816966
40.7340421 -073.9821329
40.7338154 -073.9843947
40.7261583 -074.0000085
40.7257755 -073.9992313
40.7254000 -073.9984762
40.7250240 -073.9976851
40.7238275 -073.9986976
40.7242151 -073.9994762
40.7245877 -074.0002353
40.7249680 -074.0010155
40.7229900 -074.0005076
40.7233604 -074.0012686
40.7226052 -073.9997327
40.7260803 -074.0032394
40.7256869 -074.0024857
40.7253341 -074.0017597
40.7272656 -074.0022538
40.7268905 -074.0014919
40.7265306 -074.0007589
40.7374430 -073.9847388
40.7379336 -073.9859073
40.7384229 -073.9870725
40.7376847 -073.9871355
40.7370073 -073.9855239
40.7364202 -073.9859475
40.7370989 -073.9875574
40.7365109 -073.9879989
40.7359232 -073.9884193
40.7353222 -073.9888685
40.7346458 -073.9892456
40.7346362 -073.9872480
40.7358348 -073.9863742
40.7352485 -073.9868014
40.7390715 -073.9885910
40.7384353 -073.9888972
40.7377989 -073.9891998
40.7371560 -073.9895094
40.7359696 -073.9902719
40.7397322 -073.9902087
40.7390965 -073.9905138
40.7384602 -073.9908158
40.7378213 -073.9911183
40.7372183 -073.9914863
40.7365990 -073.9919117
40.7359423 -073.9923939
40.7407877 -073.9922731
40.7404744 -073.9924210
40.7400590 -073.9927705
40.7394733 -073.9931956
40.7388885 -073.9936222
40.7383011 -073.9940492
40.7376881 -073.9944967
40.7370251 -073.9949784
40.7283096 -073.9949179
40.7273673 -073.9957109
40.7261734 -073.9967228
40.7283082 -073.9976521
40.7277440 -073.9965001
40.7269335 -073.9982847
40.7271513 -073.9925366
40.7264847 -073.9929109
40.7258949 -073.9933929
40.7278502 -073.9939473
40.7273833 -073.9947335
40.7271036 -073.9941761
40.7266041 -073.9945737
40.7265630 -073.9951292
40.7258298 -073.9958923
40.7255868 -073.9952286
40.7254006 -073.9948726
40.7252789 -073.9943271
40.7250518 -073.9936076
40.7248071 -073.9928261
40.7440360 -073.9867210
40.7434193 -073.9871705
40.7421196 -073.9860170
40.7421979 -073.9880410
40.7404329 -073.9879587
40.7397294 -073.9882833
40.7403823 -073.9899053
40.7311944 -073.9911075
40.7306038 -073.9915126
40.7301683 -073.9920154
40.7302724 -073.9932426
40.7289088 -073.9944024
40.7290497 -073.9928943
40.7284428 -073.9917950
40.7446561 -073.9881556
40.7453099 -073.9897739
40.7446314 -073.9900726
40.7432997 -073.9887396
40.7439442 -073.9903618
40.7432604 -073.9906522
40.7425601 -073.9909583
40.7418894 -073.9914325
40.7412477 -073.9919039
40.7327967 -073.9948771
40.7322174 -073.9953364
40.7317292 -073.9957224
40.7312903 -073.9960544
40.7306356 -073.9940408
40.7309803 -073.9948000
40.7298776 -073.9946856
40.7292933 -073.9951812
40.7296661 -073.9959394
40.7313785 -073.9933533
40.7319500 -073.9928742
40.7351973 -073.9753679
40.7352767 -073.9760139
40.7358399 -073.9772402
40.7361350 -073.9782709
40.7351197 -073.9773160
40.7344469 -073.9752580
40.7357157 -073.9784430
40.7354471 -073.9789079
40.7345874 -073.9783531
40.7349730 -073.9779631
40.7345671 -073.9771090
40.7340914 -073.9772799
40.7350500 -073.9794166
40.7346283 -073.9761974
40.7338711 -073.9759754
40.7337737 -073.9765790
40.7337975 -073.9750840
40.7331787 -073.9749676
40.7352647 -073.9929198
40.7346120 -073.9934400
40.7339843 -073.9939345
40.7333782 -073.9944178
40.7332105 -073.9921334
40.7325468 -073.9924725
40.7341772 -073.9903585
40.7346143 -073.9914221
40.7338976 -073.9917856
40.7333682 -073.9904882
40.7322498 -073.9907437
40.7420680 -073.9736791
40.7396673 -073.9737028
40.7393492 -073.9753583
40.7385862 -073.9728634
40.7363369 -073.9954793
40.7356704 -073.9959602
40.7350329 -073.9964300
40.7344131 -073.9968852
40.7338168 -073.9973162
40.7332245 -073.9977331
40.7321968 -073.9974685
40.7329218 -073.9990411
40.7386913 -073.9817834
40.7380265 -073.9822693
40.7373837 -073.9827368
40.7367826 -073.9831748
40.7361967 -073.9836003
40.7364010 -073.9804167
40.7357927 -073.9808444
40.7352126 -073.9812835
40.7370345 -073.9799488
40.7377089 -073.9794696
40.7322734 -073.9995730
40.7316745 -074.0000425
40.7310639 -074.0005216
40.7305507 -073.9994832
40.7308830 -073.9975896
40.7301758 -073.9987212
40.7305181 -074.0009256
40.7296132 -074.0002788
40.7301065 -074.0016157
40.7296970 -074.0012412
40.7288612 -074.0020474
40.7284140 -074.0012914
40.7280407 -074.0005339
40.7276791 -073.9997945
40.7292406 -073.9995207
40.7288747 -073.9987838
40.7418066 -073.9795133
40.7408890 -073.9792667
40.7413628 -073.9803860
40.7407405 -073.9808312
40.7402656 -073.9797090
40.7399503 -073.9808649
40.7393326 -073.9813156
40.7383611 -073.9790102
40.7389790 -073.9785564
40.7399341 -073.9769951
40.7404350 -073.9781940
40.7398158 -073.9786269
40.7408288 -073.9772113
40.7323018 -074.0026648
40.7317375 -074.0022682
40.7310521 -074.0019922
40.7298328 -074.0030404
40.7293739 -074.0045209
40.7288057 -074.0041453
40.7291503 -074.0029091
40.7284966 -074.0030365
40.7320460 -074.0035973
40.7315698 -074.0036537
40.7309576 -074.0036679
40.7309500 -074.0044363
40.7304957 -074.0044837
40.7299775 -074.0045233
40.7303851 -074.0033867
40.7319267 -074.0043099
40.7315920 -074.0053187
40.7312075 -074.0057676
40.7314442 -074.0043903
40.7305366 -074.0057034
40.7298078 -074.0059137
40.7426762 -073.9834952
40.7420579 -073.9839449
40.7408215 -073.9848452
40.7401795 -073.9853137
40.7395137 -073.9857989
40.7381929 -073.9846547
40.7388710 -073.9862652
40.7395018 -073.9837061
40.7388357 -073.9841897
40.7407616 -073.9827867
40.7401435 -073.9832368
40.7419980 -073.9818860
40.7414841 -073.9825866
40.7411484 -073.9817850
40.7323290 -074.0070663
40.7322943 -074.0081580
40.7322347 -074.0093825
40.7315830 -074.0095583
40.7314734 -074.0083794
40.7313626 -074.0072951
40.7306447 -074.0074520
40.7307548 -074.0085499
40.7308600 -074.0096645
40.7301247 -074.0098295
40.7299215 -074.0076080
40.7449121 -073.9772374
40.7442669 -073.9776960
40.7436489 -073.9781329
40.7430382 -073.9785904
40.7414544 -073.9767471
40.7424227 -073.9790481
40.7422762 -073.9763811
40.7429596 -073.9754501
40.7439368 -073.9749351
40.7376108 -073.9985102
40.7369486 -073.9989937
40.7363067 -073.9994593
40.7354698 -073.9996723
40.7360957 -074.0011233
40.7362045 -074.0015773
40.7355237 -074.0010992
40.7348937 -074.0008190
40.7342675 -074.0005542
40.7335300 -074.0000752
40.7336517 -074.0007611
40.7336821 -074.0013594
40.7330620 -074.0012174
40.7323523 -074.0012751
40.7470863 -073.9802873
40.7464295 -073.9807889
40.7451477 -073.9816932
40.7445310 -073.9821436
40.7439135 -073.9825933
40.7432952 -073.9830437
40.7438522 -073.9805334
40.7432347 -073.9809842
40.7426170 -073.9814358
40.7450882 -073.9796339
40.7444703 -073.9800832
40.7457300 -073.9791652
40.7463971 -073.9786798
40.7355433 -074.0055219
40.7348712 -074.0054828
40.7342021 -074.0054455
40.7335399 -074.0053841
40.7329634 -074.0049422
40.7327154 -074.0060336
40.7320101 -074.0059252
40.7323791 -074.0045424
40.7344544 -074.0038595
40.7338220 -074.0036482
40.7332867 -074.0035790
40.7327950 -074.0035186
40.7328939 -074.0027998
40.7357451 -074.0042356
40.7350996 -074.0040440
40.7359739 -074.0026445
40.7353386 -074.0025221
40.7352440 -074.0017463
40.7347058 -074.0018398
40.7346787 -074.0026154
40.7341060 -074.0027197
40.7340420 -074.0019677
40.7477784 -073.9819178
40.7471253 -073.9844703
40.7465067 -073.9849219
40.7471013 -073.9823913
40.7464475 -073.9828637
40.7458293 -073.9833118
40.7452118 -073.9837602
40.7458903 -073.9853692
40.7452735 -073.9858198
40.7445945 -073.9842102
40.7439765 -073.9846612
40.7446545 -073.9862707
40.7345510 -074.0077679
40.7345185 -074.0092506
40.7336231 -074.0093096
40.7338502 -074.0078873
40.7331257 -074.0080185
40.7329251 -074.0092139
40.7328071 -074.0100000
40.7341613 -074.0092681
40.7359671 -074.0075255
40.7357492 -074.0091299
40.7350449 -074.0091917
40.7352599 -074.0076473
40.7361283 -074.0063105
40.7354211 -074.0064529
40.7347134 -074.0065986
40.7340123 -074.0067462
40.7333050 -074.0068980
40.7494432 -073.9859326
40.7487635 -073.9863712
40.7480631 -073.9866813
40.7473854 -073.9869787
40.7467035 -073.9872726
40.7473569 -073.9888924
40.7459940 -073.9894817
40.7453374 -073.9878611
40.7460213 -073.9875669
40.7387953 -074.0012848
40.7379472 -074.0012673
40.7384183 -074.0029805
40.7378643 -074.0029245
40.7399354 -074.0039981
40.7396180 -074.0048487
40.7390379 -074.0035744
40.7384509 -074.0047313
40.7378673 -074.0050552
40.7377893 -074.0042139
40.7370921 -074.0045691
40.7363977 -074.0044182
40.7362976 -074.0055611
40.7372951 -074.0027522
40.7366239 -074.0028329
40.7367899 -074.0016565
40.7478995 -073.9745066
40.7483728 -073.9756287
40.7475417 -073.9747759
40.7480109 -073.9758807
40.7477043 -073.9761124
40.7472293 -073.9749904
40.7470182 -073.9760849
40.7464860 -073.9753355
40.7460457 -073.9758570
40.7465207 -073.9769836
40.7458951 -073.9774720
40.7454125 -073.9763593
40.7444778 -073.9741271
40.7465616 -073.9724522
40.7468064 -073.9738419
40.7469288 -073.9722060
40.7474290 -073.9733919
40.7409442 -074.0064223
40.7390704 -074.0088878
40.7397119 -074.0073488
40.7384576 -074.0089165
40.7378557 -074.0089507
40.7372633 -074.0089992
40.7365268 -074.0090897
40.7390719 -074.0072583
40.7384472 -074.0072973
40.7378452 -074.0073291
40.7372545 -074.0073613
40.7366335 -074.0074798
40.7404630 -074.0054443
40.7390882 -074.0059470
40.7384513 -074.0060036
40.7378496 -074.0060586
40.7372514 -074.0061125
40.7367082 -074.0062112
40.7495105 -073.9764090
40.7488923 -073.9768616
40.7501902 -073.9780224
40.7495708 -073.9784703
40.7489530 -073.9789210
40.7470384 -073.9782123
40.7482744 -073.9773127
40.7476564 -073.9777621
40.7483345 -073.9793710
40.7477172 -073.9798205
40.7401641 -073.9966522
40.7395776 -073.9970806
40.7413621 -073.9994953
40.7407746 -073.9999207
40.7389632 -073.9975276
40.7383007 -073.9980129
40.7401615 -074.0003664
40.7394982 -074.0008533
40.7521310 -073.9787223
40.7528098 -073.9803300
40.7521683 -073.9807952
40.7515505 -073.9812485
40.7502530 -073.9800909
40.7509303 -073.9816982
40.7496341 -073.9805379
40.7503130 -073.9821490
40.7496960 -073.9825976
40.7490172 -073.9809887
40.7484000 -073.9814390
40.7490774 -073.9830496
40.7425582 -074.0023356
40.7419734 -074.0027675
40.7407991 -074.0035638
40.7405212 -074.0038119
40.7437545 -074.0051766
40.7431704 -074.0056093
40.7535188 -073.9829674
40.7525652 -073.9836555
40.7519475 -073.9841100
40.7513296 -073.9845613
40.7507121 -073.9850116
40.7504913 -073.9861171
40.7498135 -073.9850088
40.7463670 -073.9696933
40.7457112 -073.9712395
40.7451240 -073.9717494
40.7444881 -073.9721708
40.7438139 -073.9725868
40.7556142 -073.9634694
40.7548526 -073.9635313
40.7542555 -073.9641342
40.7530973 -073.9642068
40.7539085 -073.9652532
40.7533361 -073.9656769
40.7524536 -073.9656743
40.7425237 -073.9949367
40.7419214 -073.9953719
40.7413353 -073.9957987
40.7407507 -073.9962284
40.7425336 -073.9986410
40.7419477 -073.9990681
40.7437204 -073.9977759
40.7431184 -073.9982144
40.7512802 -073.9726093
40.7499612 -073.9735697
40.7497838 -073.9710700
40.7492864 -073.9698824
40.7491366 -073.9736042
40.7485187 -073.9740545
40.7484697 -073.9720347
40.7480483 -073.9729382
40.7503076 -073.9703026
40.7486217 -073.9703863
40.7491146 -073.9715579
40.7479721 -073.9708714
40.7443159 -074.0010568
40.7437303 -074.0014825
40.7431442 -074.0019093
40.7449257 -074.0043249
40.7443397 -074.0047500
40.7461148 -074.0034599
40.7455120 -074.0039001
40.7449179 -074.0006176
40.7525336 -073.9716928
40.7519068 -073.9721539
40.7509357 -073.9698400
40.7515603 -073.9693695
40.7527595 -073.9684628
40.7521506 -073.9689567
40.7534282 -073.9680111
40.7544092 -073.9703256
40.7537716 -073.9707796
40.7531562 -073.9712549
40.7450942 -073.9930660
40.7446560 -073.9934526
40.7443095 -073.9935730
40.7438322 -073.9939813
40.7431659 -073.9944674
40.7462939 -073.9959071
40.7458249 -073.9963645
40.7454768 -073.9963559
40.7450260 -073.9968228
40.7443631 -073.9973072
40.7552193 -073.9722477
40.7523974 -073.9781089
40.7537839 -073.9759485
40.7526253 -073.9758766
40.7533428 -073.9736180
40.7545935 -073.9727055
40.7520908 -073.9745306
40.7527161 -073.9740740
40.7474896 -073.9987510
40.7470481 -074.0000260
40.7465506 -073.9986970
40.7461454 -073.9997205
40.7455608 -074.0001495
40.7472443 -074.0026328
40.7475780 -074.0024016
40.7480604 -074.0020418
40.7482197 -074.0005182
40.7485474 -074.0012188
40.7489800 -074.0023107
40.7467579 -074.0029899
40.7565803 -073.9754710
40.7566315 -073.9775361
40.7547535 -073.9789056
40.7541306 -073.9793637
40.7529487 -073.9785792
40.7475644 -073.9912627
40.7469465 -073.9917129
40.7463282 -073.9921650
40.7457105 -073.9926136
40.7487625 -073.9941071
40.7481444 -073.9945509
40.7469131 -073.9954569
40.7576510 -073.9799526
40.7570255 -073.9804137
40.7563970 -073.9808647
40.7557762 -073.9813282
40.7551478 -073.9817794
40.7493997 -073.9973409
40.7489255 -073.9991844
40.7480552 -073.9970511
40.7496135 -074.0009098
40.7485963 -073.9981152
40.7499733 -073.9969554
40.7575461 -073.9680502
40.7569174 -073.9684979
40.7562909 -073.9689579
40.7556647 -073.9694138
40.7550369 -073.9698695
40.7540611 -073.9675648
40.7565696 -073.9657376
40.7559469 -073.9661982
40.7553181 -073.9666529
40.7546908 -073.9671088
40.7571414 -074.0002346
40.7565269 -073.9988359
40.7571091 -073.9982730
40.7548497 -074.0008073
40.7523565 -074.0026014
40.7485573 -074.0090455
40.7453711 -074.0071751
40.7517347 -074.0030769
40.7511169 -074.0035290
40.7504988 -074.0039810
40.7466644 -074.0066194
40.7473033 -074.0062719
40.7479552 -074.0058279
40.7492662 -074.0048831
40.7555177 -074.0003237
40.7486220 -074.0053516
40.7460194 -074.0069012
40.7602811 -073.9706608
40.7596554 -073.9711181
40.7590280 -073.9715727
40.7571529 -073.9729442
40.7565256 -073.9734001
40.7596008 -073.9690522
40.7589768 -073.9695081
40.7583508 -073.9699640
40.7577245 -073.9704218
40.7571008 -073.9708791
40.7564752 -073.9713360
40.7558461 -073.9717890
40.7512550 -073.9922846
40.7506197 -073.9926996
40.7500406 -073.9932212
40.7493821 -073.9936499
40.7481876 -073.9908177
40.7488017 -073.9903573
40.7609630 -073.9722753
40.7616408 -073.9738835
40.7610152 -073.9743411
40.7603360 -073.9727304
40.7590862 -073.9736460
40.7591378 -073.9757111
40.7585125 -073.9761675
40.7524558 -073.9951262
40.7534527 -073.9974833
40.7515611 -073.9987198
40.7505819 -073.9964721
40.7511991 -073.9959852
40.7626563 -073.9762969
40.7620321 -073.9767579
40.7614066 -073.9772162
40.7607797 -073.9776696
40.7588264 -073.9610787
40.7581727 -073.9615527
40.7574991 -073.9620407
40.7568479 -073.9625152
40.7562277 -073.9629819
40.7582073 -073.9596181
40.7575154 -073.9599658
40.7568359 -073.9604665
40.7561973 -073.9609457
40.7557063 -073.9614480
40.7619560 -073.9587971
40.7612245 -073.9589968
40.7616928 -073.9601305
40.7607000 -073.9597118
40.7600709 -073.9601650
40.7606836 -073.9576857
40.7596319 -073.9629874
40.7601272 -073.9641743
40.7589785 -073.9634671
40.7594784 -073.9646500
40.7584718 -073.9643545
40.7578206 -073.9648247
40.7571947 -073.9652853
40.7607662 -073.9656889
40.7601178 -073.9661666
40.7594434 -073.9666585
40.7587924 -073.9671324
40.7581663 -073.9675869
40.7522799 -073.9867813
40.7531852 -073.9908863
40.7521794 -073.9885220
40.7638977 -073.9634094
40.7632725 -073.9638645
40.7626458 -073.9643209
40.7620188 -073.9647755
40.7613919 -073.9652321
40.7629251 -073.9611050
40.7620942 -073.9610726
40.7625929 -073.9622560
40.7614652 -073.9615257
40.7619650 -073.9627080
40.7613143 -073.9631400
40.7608337 -073.9619523
40.7604234 -073.9629309
40.7550002 -073.9932768
40.7543839 -073.9937150
40.7537701 -073.9941741
40.7531229 -073.9946421
40.7546416 -073.9962333
40.7552967 -073.9977584
40.7547177 -073.9983941
40.7543646 -073.9976483
40.7539992 -073.9967108
40.7557246 -073.9950321
40.7564672 -073.9967604
40.7558509 -073.9972083
40.7551597 -073.9956486
40.7648052 -073.9751822
40.7639874 -073.9753151
40.7633080 -073.9758284
40.7629383 -073.9708345
40.7629708 -073.9729188
40.7622905 -073.9734093
40.7622870 -073.9713091
40.7615767 -073.9676133
40.7609277 -073.9680867
40.7602533 -073.9685788
40.7622572 -073.9692220
40.7616072 -073.9696968
40.7609310 -073.9701867
40.7550407 -073.9895338
40.7544225 -073.9899864
40.7529466 -073.9864533
40.7654397 -073.9690078
40.7648143 -073.9694642
40.7641925 -073.9699228
40.7635657 -073.9703750
40.7661170 -073.9706162
40.7654925 -073.9710711
40.7648679 -073.9715250
40.7642445 -073.9719834
40.7640818 -073.9657850
40.7634553 -073.9662422
40.7628292 -073.9666993
40.7622022 -073.9671561
40.7647593 -073.9673942
40.7641337 -073.9678515
40.7635084 -073.9683033
40.7628856 -073.9687647
40.7575041 -073.9914186
40.7568826 -073.9919316
40.7562378 -073.9923709
40.7556173 -073.9928220
40.7584031 -073.9935045
40.7589947 -073.9949414
40.7583396 -073.9953792
40.7577572 -073.9939565
40.7571009 -073.9944176
40.7564723 -073.9947428
40.7650792 -073.9565137
40.7638300 -073.9574303
40.7624537 -073.9557716
40.7632038 -073.9578823
40.7625777 -073.9583390
40.7594691 -073.9961545
40.7610928 -073.9999931
40.7588683 -073.9967331
40.7657702 -073.9620479
40.7668989 -073.9608243
40.7673739 -073.9619407
40.7663996 -073.9615807
40.7660544 -073.9588228
40.7648020 -073.9597348
40.7641770 -073.9601931
40.7635527 -073.9606531
40.7651411 -073.9624940
40.7645228 -073.9629518
40.7576798 -073.9839037
40.7570381 -073.9843111
40.7563765 -073.9846912
40.7588976 -073.9868024
40.7576223 -073.9876534
40.7569717 -073.9881239
40.7672095 -073.9635013
40.7665762 -073.9639576
40.7659554 -073.9644241
40.7653333 -073.9648718
40.7647075 -073.9653285
40.7666377 -073.9660258
40.7660118 -073.9664825
40.7653853 -073.9669380
40.7684623 -073.9625883
40.7691413 -073.9641998
40.7678889 -073.9651132
40.7672628 -073.9655691
40.7678360 -073.9630449
40.7588180 -073.9904910
40.7581685 -073.9909651
40.7593649 -073.9938072
40.7600150 -073.9933340
40.7594444 -073.9900358
40.7606404 -073.9928779
40.7600752 -073.9895802
40.7610563 -073.9919047
40.7616478 -073.9933299
40.7698229 -073.9658144
40.7691955 -073.9662713
40.7685696 -073.9667265
40.7679432 -073.9671830
40.7673172 -073.9676398
40.7666908 -073.9680960
40.7660647 -073.9685520
40.7686200 -073.9687909
40.7679948 -073.9692474
40.7673696 -073.9697024
40.7667422 -073.9701585
40.7704971 -073.9674160
40.7698710 -073.9678735
40.7692479 -073.9683348
40.7673167 -073.9517580
40.7683276 -073.9541450
40.7676691 -073.9546245
40.7669849 -073.9551222
40.7663313 -073.9556023
40.7657057 -073.9560565
40.7666760 -073.9522839
40.7660368 -073.9528710
40.7654000 -073.9533882
40.7615354 -073.9852949
40.7595516 -073.9825287
40.7603023 -073.9842896
40.7589302 -073.9829910
40.7582983 -073.9834367
40.7608908 -073.9857133
40.7602300 -073.9860957
40.7595635 -073.9864502
40.7702746 -073.9587553
40.7696172 -073.9592348
40.7686440 -073.9569321
40.7689334 -073.9597334
40.7681675 -073.9599489
40.7686389 -073.9610697
40.7676526 -073.9606664
40.7679612 -073.9574295
40.7693023 -073.9564521
40.7673062 -073.9579076
40.7666807 -073.9583665
40.7619484 -073.9882117
40.7613200 -073.9886651
40.7606979 -073.9891211
40.7625188 -073.9915080
40.7618968 -073.9919630
40.7637716 -073.9905953
40.7631455 -073.9910525
40.7625731 -073.9877521
40.7729866 -073.9592871
40.7723523 -073.9597505
40.7717183 -073.9602135
40.7697423 -073.9616535
40.7690874 -073.9621321
40.7711050 -073.9627672
40.7704222 -073.9632641
40.7697679 -073.9637422
40.7736661 -073.9608975
40.7730313 -073.9613611
40.7723965 -073.9618237
40.7717628 -073.9622858
40.7710853 -073.9606770
40.7704277 -073.9611584
40.7641493 -073.9973161
40.7644853 -073.9942393
40.7649691 -073.9934380
40.7632591 -073.9932725
40.7638603 -073.9946924
40.7632278 -073.9951376
40.7626403 -073.9937078
40.7619981 -073.9941600
40.7625992 -073.9955782
40.7623387 -073.9988192
40.7617375 -073.9994305
40.7607190 -073.9970152
40.7613598 -073.9965234
40.7607567 -073.9951031
40.7601151 -073.9955986
40.7743463 -073.9625130
40.7737114 -073.9629760
40.7730765 -073.9634382
40.7724422 -073.9639006
40.7717837 -073.9643802
40.7711022 -073.9648786
40.7704484 -073.9653537
40.7731185 -073.9655049
40.7724613 -073.9659867
40.7717797 -073.9664854
40.7711257 -073.9669641
40.7750233 -073.9641177
40.7743887 -073.9645806
40.7737530 -073.9650427
40.7626826 -073.9802477
40.7608092 -073.9816170
40.7621725 -073.9848576
40.7634958 -073.9821498
40.7640868 -073.9835776
40.7634441 -073.9839899
40.7628068 -073.9844220
40.7715244 -073.9518110
40.7700855 -073.9504314
40.7708653 -073.9522906
40.7702321 -073.9527550
40.7695977 -073.9532161
40.7689623 -073.9536792
40.7704211 -073.9492134
40.7709884 -073.9505288
40.7692984 -073.9499422
40.7685811 -073.9507978
40.7679508 -073.9512782
40.7629327 -073.9866468
40.7638262 -073.9868409
40.7635193 -073.9880749
40.7650223 -073.9896819
40.7643977 -073.9901402
40.7662759 -073.9887721
40.7656489 -073.9892262
40.7650793 -073.9859300
40.7644534 -073.9863832
40.7728098 -073.9569044
40.7721760 -073.9573663
40.7724969 -073.9541201
40.7734685 -073.9564242
40.7712048 -073.9550628
40.7715422 -073.9578299
40.7709085 -073.9582930
40.7705713 -073.9555269
40.7699368 -073.9559889
40.7718389 -073.9546016
40.7712354 -073.9925814
40.7705166 -073.9929272
40.7700513 -073.9897329
40.7691587 -073.9896532
40.7684030 -073.9898632
40.7676928 -073.9901729
40.7682801 -073.9915989
40.7668464 -073.9920702
40.7662210 -073.9925260
40.7672253 -073.9948885
40.7657145 -073.9932669
40.7651197 -073.9918440
40.7747699 -073.9494426
40.7741346 -073.9499051
40.7734997 -073.9503675
40.7729418 -073.9505473
40.7727911 -073.9510994
40.7712342 -073.9490075
40.7722057 -073.9513108
40.7719156 -073.9465484
40.7712754 -073.9470809
40.7724907 -073.9459596
40.7730869 -073.9454575
40.7706304 -073.9475748
40.7718932 -073.9485289
40.7725278 -073.9480644
40.7737984 -073.9471384
40.7731638 -073.9476029
40.7659360 -073.9778891
40.7652600 -073.9783707
40.7661080 -073.9825266
40.7654058 -073.9828524
40.7647388 -073.9832032
40.7641552 -073.9817690
40.7670229 -073.9804577
40.7662893 -073.9807804
40.7645833 -073.9788612
40.7655416 -073.9810945
40.7639340 -073.9793335
40.7633091 -073.9797878
40.7767138 -073.9540558
40.7754460 -073.9549809
40.7748107 -073.9554445
40.7751079 -073.9522124
40.7760795 -073.9545176
40.7744741 -073.9526762
40.7757439 -073.9517524
40.7740996 -073.9533301
40.7736130 -073.9529743
40.7731796 -073.9536213
40.7741518 -073.9559258
40.7688546 -073.9868885
40.7681791 -073.9873830
40.7675283 -073.9878538
40.7669022 -073.9883122
40.7657040 -073.9854720
40.7663306 -073.9850131
40.7669806 -073.9845420
40.7676559 -073.9840460
40.7775242 -073.9559772
40.7768902 -073.9564401
40.7762558 -073.9569028
40.7756211 -073.9573663
40.7749628 -073.9578462
40.7742802 -073.9583440
40.7736215 -073.9588252
40.7749597 -073.9599548
40.7743007 -073.9604347
40.7769340 -073.9585125
40.7762999 -073.9589766
40.7756417 -073.9594565
40.7782032 -073.9575867
40.7775688 -073.9580500
40.7788840 -073.9592016
40.7782488 -073.9596637
40.7776150 -073.9601283
40.7769799 -073.9605904
40.7763222 -073.9610714
40.7756393 -073.9615689
40.7749809 -073.9620502
40.7769985 -073.9626782
40.7763157 -073.9631766
40.7756568 -073.9636555
40.7782918 -073.9617342
40.7776574 -073.9621982
40.7795698 -073.9608071
40.7789274 -073.9612709
40.7949854 -073.9528949
40.7985966 -073.9541658
40.7997298 -073.9568652
40.7991314 -073.9587176
40.7765574 -073.9701736
40.7735940 -073.9676953
40.7704881 -073.9697548
40.7750903 -073.9461950
40.7760611 -073.9484969
40.7744333 -073.9466768
40.7754041 -073.9489799
40.7767406 -073.9480015
40.7773927 -073.9475254
40.7766592 -073.9438529
40.7771589 -073.9450274
40.7764196 -073.9452236
40.7757725 -073.9453271
40.7757657 -073.9460486
40.7780195 -073.9470663
40.7710766 -073.9852818
40.7701354 -073.9859655
40.7695049 -073.9864164
40.7698949 -073.9814553
40.7704662 -073.9829012
40.7697247 -073.9830978
40.7690754 -073.9817031
40.7686629 -073.9835289
40.7780077 -073.9531127
40.7770353 -073.9508073
40.7773497 -073.9535932
40.7763788 -073.9512890
40.7792567 -073.9519425
40.7797164 -073.9530711
40.7786855 -073.9526157
40.7789952 -073.9493811
40.7799665 -073.9516835
40.7783661 -073.9498350
40.7777136 -073.9503110
40.7719590 -073.9883470
40.7713291 -073.9887980
40.7781592 -073.9555137
40.7788378 -073.9571238
40.7788177 -073.9550330
40.7794963 -073.9566431
40.7820337 -073.9526901
40.7814057 -073.9531471
40.7807772 -073.9536038
40.7801483 -073.9540622
40.7794966 -073.9545385
40.7814552 -073.9552135
40.7808273 -073.9556703
40.7827095 -073.9542978
40.7820830 -073.9547557
40.7801758 -073.9561472
40.7739572 -073.9834369
40.7711917 -073.9827084
40.7726959 -073.9803898
40.7720544 -073.9807980
40.7713341 -073.9810197
40.7706159 -073.9812408
40.7801767 -073.9582573
40.7795177 -073.9587374
40.7808530 -073.9598651
40.7801994 -073.9603361
40.7833903 -073.9559113
40.7827637 -073.9563699
40.7821362 -073.9568286
40.7815084 -073.9572867
40.7808567 -073.9577610
40.7821846 -073.9588919
40.7815347 -073.9593688
40.7840687 -073.9575208
40.7834436 -073.9579775
40.7828134 -073.9584364
40.7738070 -073.9869716
40.7728893 -073.9876677
40.7744479 -073.9865454
40.7742406 -073.9908081
40.7748964 -073.9887698
40.7821198 -073.9449591
40.7813759 -073.9451373
40.7803880 -073.9448161
40.7807529 -073.9458884
40.7799122 -073.9457021
40.7792793 -073.9461374
40.7786484 -073.9466120
40.7776753 -073.9443100
40.7762556 -073.9810417
40.7768085 -073.9824803
40.7755443 -073.9812876
40.7761093 -073.9827223
40.7748321 -073.9815307
40.7753976 -073.9829678
40.7741253 -073.9817673
40.7746844 -073.9832045
40.7751936 -073.9785573
40.7745673 -073.9790155
40.7739415 -073.9794705
40.7733212 -073.9799287
40.7808766 -073.9480047
40.7818483 -073.9503094
40.7821299 -073.9470840
40.7815040 -073.9475469
40.7824754 -073.9498502
40.7802501 -073.9484642
40.7796221 -073.9489214
40.7812228 -073.9507691
40.7805973 -073.9512297
40.7831032 -073.9493905
40.7788204 -073.9886761
40.7789950 -073.9877615
40.7782484 -073.9881102
40.7772913 -073.9885120
40.7786320 -073.9863861
40.7776830 -073.9869606
40.7765728 -073.9876368
40.7766514 -073.9849197
40.7834056 -073.9461476
40.7827583 -073.9466274
40.7837298 -073.9489317
40.7842946 -073.9482507
40.7850547 -073.9449546
40.7860293 -073.9472604
40.7850614 -073.9479528
40.7778143 -073.9766457
40.7767028 -073.9760510
40.7773008 -073.9774712
40.7764716 -073.9776191
40.7758195 -073.9781004
40.7790102 -073.9794824
40.7783505 -073.9799594
40.7776599 -073.9804653
40.7769252 -073.9807418
40.7851917 -073.9503773
40.7845412 -073.9508540
40.7839137 -073.9513112
40.7832855 -073.9517700
40.7826583 -073.9522298
40.7845915 -073.9529225
40.7839631 -073.9533790
40.7833367 -073.9538391
40.7858703 -073.9519870
40.7852195 -073.9524643
40.7858614 -073.9496955
40.7865441 -073.9514923
40.7858924 -073.9504243
40.7865242 -073.9494079
40.7871985 -073.9510206
40.7811371 -073.9845031
40.7804313 -073.9848712
40.7803586 -073.9870542
40.7798950 -073.9857181
40.7797063 -073.9873931
40.7791735 -073.9860821
40.7797801 -073.9812545
40.7800959 -073.9821022
40.7805570 -073.9831578
40.7790791 -073.9816046
40.7796452 -073.9830479
40.7788854 -073.9833708
40.7782105 -073.9837905
40.7865505 -073.9536037
40.7858995 -073.9540795
40.7852711 -073.9545359
40.7846444 -073.9549956
40.7840170 -073.9554522
40.7859509 -073.9561405
40.7853247 -073.9566031
40.7846940 -073.9570628
40.7872303 -073.9552162
40.7865748 -073.9556866
40.7872248 -073.9531109
40.7879060 -073.9547221
40.7878782 -073.9526378
40.7885548 -073.9542415
40.7815585 -073.9776349
40.7811574 -073.9780530
40.7807698 -073.9781058
40.7797307 -073.9752350
40.7790830 -073.9757168
40.7784483 -073.9761816
40.7796453 -073.9790214
40.7802792 -073.9785572
40.7915716 -073.9370251
40.7905139 -073.9381041
40.7887495 -073.9391484
40.7875345 -073.9407475
40.7878290 -073.9396403
40.7870050 -073.9393015
40.7860455 -073.9410527
40.7858782 -073.9420655
40.7844048 -073.9432114
40.7833464 -073.9862161
40.7837001 -073.9827506
40.7830928 -073.9832666
40.7824629 -073.9837188
40.7817990 -073.9841293
40.7830749 -073.9812713
40.7824025 -073.9816519
40.7817249 -073.9820082
40.7810402 -073.9823532
40.7824896 -073.9798469
40.7818220 -073.9802209
40.7811433 -073.9805780
40.7804635 -073.9809216
40.7885010 -073.9424373
40.7878752 -073.9429001
40.7872485 -073.9433518
40.7866246 -073.9438132
40.7859912 -073.9442754
40.7879638 -073.9450837
40.7882486 -073.9458019
40.7884448 -073.9463935
40.7873652 -073.9468142
40.7868812 -073.9458429
40.7872306 -073.9453735
40.7891543 -073.9449776
40.7829636 -073.9728771
40.7828905 -073.9766563
40.7822071 -073.9771515
40.7841723 -073.9757070
40.7835452 -073.9761874
40.7909131 -073.9461988
40.7902867 -073.9466614
40.7896569 -073.9471162
40.7890313 -073.9475808
40.7884048 -073.9480319
40.7877760 -073.9484914
40.7903423 -073.9487257
40.7897037 -073.9491492
40.7915969 -073.9478091
40.7909683 -073.9482659
40.7890562 -073.9495759
40.7878272 -073.9505612
40.7871484 -073.9489521
40.7862680 -073.9806354
40.7861822 -073.9838360
40.7856119 -073.9810834
40.7849848 -073.9816109
40.7843358 -073.9821927
40.7857258 -073.9793716
40.7850931 -073.9798377
40.7844373 -073.9803218
40.7837555 -073.9808235
40.7851262 -073.9779519
40.7844944 -073.9784189
40.7838368 -073.9789047
40.7831543 -073.9794015
40.7926145 -073.9491775
40.7913368 -073.9501101
40.7897475 -073.9512094
40.7910693 -073.9524072
40.7898094 -073.9533246
40.7936080 -073.9505556
40.7929532 -073.9510362
40.7916982 -073.9519490
40.7855490 -073.9710040
40.7848895 -073.9714834
40.7867453 -073.9738444
40.7860866 -073.9743242
40.7854533 -073.9747869
40.7848180 -073.9752489
40.7842555 -073.9719473
40.7836216 -073.9724099
40.7924181 -073.9426153
40.7916805 -073.9439032
40.7912412 -073.9427456
40.7907588 -073.9438017
40.7901015 -073.9442820
40.7897867 -073.9414967
40.7891329 -073.9419790
40.7907291 -073.9397035
40.7912567 -073.9407626
40.7909011 -073.9418873
40.7906935 -073.9414300
40.7902908 -073.9405348
40.7917270 -073.9400749
40.7876629 -073.9760262
40.7870170 -073.9765364
40.7863924 -073.9770161
40.7857607 -073.9774854
40.7863626 -073.9789077
40.7882656 -073.9774431
40.7876201 -073.9779528
40.7869945 -073.9784379
40.7883891 -073.9797711
40.7876908 -073.9800771
40.7869735 -073.9803427
40.7890697 -073.9793571
40.7954183 -073.9429118
40.7960986 -073.9445253
40.7954593 -073.9449956
40.7947845 -073.9433763
40.7948270 -073.9454437
40.7942072 -073.9459055
40.7935767 -073.9463657
40.7929228 -073.9468403
40.7922493 -073.9473326
40.7928985 -073.9447538
40.7922453 -073.9452304
40.7915697 -073.9457243
40.7941506 -073.9438340
40.7935244 -073.9442988
40.7874239 -073.9733477
40.7880761 -073.9728714
40.7893324 -073.9719527
40.7887042 -073.9724130
40.7881379 -073.9691060
40.7875083 -073.9695745
40.7868799 -073.9700331
40.7862281 -073.9705100
40.7955081 -073.9470689
40.7939189 -073.9482256
40.7949355 -073.9495839
40.7942847 -073.9500622
40.7961672 -073.9486435
40.7955638 -073.9491259
40.7974633 -073.9477449
40.7968183 -073.9481502
40.7961338 -073.9466054
40.7915314 -073.9772170
40.7910021 -073.9778793
40.7904014 -073.9783824
40.7897480 -073.9788582
40.7908263 -073.9755065
40.7901998 -073.9759656
40.7895730 -073.9764241
40.7889313 -073.9769160
40.7902285 -073.9740863
40.7896008 -073.9745455
40.7889737 -073.9750045
40.7883282 -073.9754990
40.7912118 -073.9705800
40.7919118 -073.9702847
40.7907395 -073.9710243
40.7904116 -073.9725842
40.7903738 -073.9710666
40.7897050 -073.9708981
40.7901758 -073.9719692
40.7893869 -073.9681978
40.7883021 -073.9675464
40.7888996 -073.9689712
40.7906477 -073.9672808
40.7900175 -073.9677436
40.7971467 -073.9330968
40.7965205 -073.9335576
40.7958675 -073.9340339
40.7951883 -073.9345350
40.7955071 -073.9312887
40.7945389 -073.9350070
40.7940470 -073.9753264
40.7933516 -073.9756382
40.7927025 -073.9760698
40.7920934 -073.9765780
40.7933387 -073.9736777
40.7927105 -073.9741348
40.7920824 -073.9745921
40.7914548 -073.9750495
40.7927397 -073.9722559
40.7921115 -073.9727133
40.7914829 -073.9731712
40.7908562 -073.9736282
40.7955314 -073.9373129
40.7964953 -073.9396054
40.7949036 -073.9377458
40.7942633 -073.9382316
40.7936418 -073.9386815
40.7930024 -073.9391502
40.7923717 -073.9396145
40.7946121 -073.9409883
40.7939747 -073.9414551
40.7933390 -073.9419187
40.7958850 -073.9400598
40.7952502 -073.9405361
40.7931178 -073.9691911
40.7924710 -073.9696662
40.7937980 -073.9686872
40.7912752 -073.9668212
40.7919238 -073.9663500
40.7924915 -073.9655849
40.7931007 -073.9669944
40.7993038 -073.9421812
40.7986243 -073.9426818
40.8005850 -073.9412458
40.7999565 -073.9417048
40.7999055 -073.9396340
40.7992772 -073.9400943
40.7986236 -073.9405709
40.7979435 -073.9410692
40.7966715 -073.9419993
40.7981170 -073.9431069
40.7975104 -073.9439605
40.7974739 -073.9429820
40.7967725 -073.9434809
40.7966533 -073.9442484
40.7965457 -073.9732002
40.7967286 -073.9769300
40.7959294 -073.9737977
40.7953328 -073.9744446
40.7947295 -073.9749916
40.7959457 -073.9717764
40.7952903 -073.9722526
40.7946158 -073.9727451
40.7938055 -073.9728502
40.7941110 -073.9735559
40.7953481 -073.9703557
40.7946916 -073.9708293
40.7940155 -073.9713243
40.7933665 -073.9717987
40.8012660 -073.9428602
40.8019453 -073.9444726
40.8013170 -073.9449313
40.8006377 -073.9433192
40.7999854 -073.9437958
40.7993000 -073.9442981
40.8006639 -073.9454077
40.7999752 -073.9459115
40.7983913 -073.9449535
40.7974720 -073.9456344
40.7994334 -073.9463911
40.7987133 -073.9467325
40.7980860 -073.9473890
40.7941503 -073.9647403
40.7950993 -073.9677482
40.7932224 -073.9654054
40.7999139 -073.9475542
40.8002660 -073.9483890
40.7995419 -073.9484479
40.7990102 -073.9493400
40.7986401 -073.9484720
40.7984713 -073.9501546
40.7978880 -073.9506685
40.8004222 -073.9499329
40.7995732 -073.9509382
40.7993655 -073.9501651
40.7990866 -073.9714428
40.7984920 -073.9719817
40.7978727 -073.9724357
40.7972070 -073.9727869
40.7984564 -073.9699392
40.7978298 -073.9704001
40.7972073 -073.9708602
40.7965785 -073.9713167
40.7978600 -073.9685195
40.7972384 -073.9689764
40.7966100 -073.9694262
40.7959795 -073.9698979
40.7981216 -073.9354081
40.7974938 -073.9358673
40.7968413 -073.9363440
40.7961556 -073.9368475
40.7978133 -073.9386497
40.7971260 -073.9391456
40.7990947 -073.9377121
40.7984660 -073.9381714
40.7980119 -073.9610057
40.7973598 -073.9614822
40.7967260 -073.9619328
40.7961002 -073.9623939
40.7954712 -073.9628527
40.7948283 -073.9633304
40.7973151 -073.9633690
40.7963618 -073.9640679
40.7954057 -073.9647156
40.7986124 -073.9624225
40.7979513 -073.9629077
40.7995006 -073.9645371
40.7988402 -073.9650097
40.7981317 -073.9658434
40.7973881 -073.9653021
40.7966923 -073.9665461
40.8029642 -073.9468896
40.8023363 -073.9473482
40.8016824 -073.9478237
40.8009937 -073.9483213
40.8016115 -073.9695579
40.8009608 -073.9700260
40.8003340 -073.9704847
40.7997028 -073.9709429
40.8010883 -073.9683815
40.8003849 -073.9686915
40.7997271 -073.9690606
40.7990893 -073.9694872
40.8005286 -073.9669404
40.7998059 -073.9672609
40.7991368 -073.9676343
40.7984895 -073.9680624
40.7977897 -073.9326311
40.7993689 -073.9290619
40.7999784 -073.9313586
40.7989441 -073.9321978
40.7989094 -073.9306273
40.7982158 -073.9300016
40.7976239 -073.9303433
40.7980541 -073.9313581
40.8005688 -073.9591683
40.7999684 -073.9595728
40.7993392 -073.9600301
40.7986846 -073.9605076
40.7999362 -073.9614512
40.7992845 -073.9619265
40.8011834 -073.9605667
40.8005648 -073.9609916
40.8020776 -073.9626738
40.8014577 -073.9631098
40.8008276 -073.9635671
40.8001758 -073.9640432
40.8002736 -073.9338070
40.7987532 -073.9349343
40.7997233 -073.9372525
40.8009656 -073.9363014
40.8003472 -073.9367771
40.8022274 -073.9353995
40.8015937 -073.9358417
40.8041507 -073.9676407
40.8035678 -073.9681270
40.8029483 -073.9685923
40.8022934 -073.9690720
40.8018373 -073.9681088
40.8027646 -073.9642955
40.8033613 -073.9657174
40.8026535 -073.9659459
40.8020008 -073.9663336
40.8012864 -073.9666440
40.8030999 -073.9394096
40.8024713 -073.9398677
40.8017928 -073.9382577
40.8010207 -073.9383836
40.8013625 -073.9391811
40.8018425 -073.9403255
40.8012135 -073.9407859
40.8005339 -073.9391753
40.8043728 -073.9363726
40.8050518 -073.9379816
40.8043782 -073.9384747
40.8037272 -073.9389512
40.8030478 -073.9373411
40.8024203 -073.9377992
40.8060554 -073.9583143
40.8047673 -073.9612224
40.8034298 -073.9617966
40.8031561 -073.9624870
40.8031090 -073.9572825
40.8024814 -073.9577375
40.8018510 -073.9581923
40.8012279 -073.9587014
40.8057332 -073.9395952
40.8064128 -073.9412093
40.8057398 -073.9417045
40.8050600 -073.9400968
40.8044119 -073.9405846
40.8037896 -073.9410451
40.8031631 -073.9415077
40.8018986 -073.9424048
40.8025756 -073.9440188
40.8044813 -073.9436660
40.8068156 -073.9660646
40.8061328 -073.9663913
40.8054666 -073.9667593
40.8047965 -073.9671711
40.8057959 -073.9636597
40.8051689 -073.9641183
40.8045413 -073.9645727
40.8034138 -073.9638879
40.8040135 -073.9653107
40.8045471 -073.9467474
40.8037535 -073.9462713
40.8034717 -073.9465574
40.8074307 -073.9436267
40.8067575 -073.9441210
40.8064295 -073.9453732
40.8058017 -073.9458413
40.8051762 -073.9462966
40.8071202 -073.9597307
40.8061280 -073.9604482
40.8054386 -073.9608648
40.8057160 -073.9553712
40.8050637 -073.9558475
40.8043880 -073.9563422
40.8037357 -073.9568205
40.8049509 -073.9576388
40.8042184 -073.9578757
40.8063122 -073.9567952
40.8056585 -073.9572624
40.8109187 -073.9599215
40.8102725 -073.9603932
40.8067589 -073.9629498
40.8104302 -073.9660222
40.8117871 -073.9630593
40.8113916 -073.9620841
40.8094711 -073.9635034
40.8096116 -073.9646869
40.8080971 -073.9651670
40.8074667 -073.9656838
40.8101912 -073.9384499
40.8089306 -073.9393710
40.8083067 -073.9398262
40.8076844 -073.9402827
40.8070613 -073.9407365
40.8095161 -073.9368463
40.8088764 -073.9372998
40.8082512 -073.9377580
40.8076273 -073.9382141
40.8063820 -073.9391235
40.8087027 -073.9586114
40.8080865 -073.9590274
40.8100239 -073.9578493
40.8093502 -073.9582018
40.8112063 -073.9408655
40.8105749 -073.9413331
40.8100134 -073.9415629
40.8098601 -073.9421018
40.8093259 -073.9422440
40.8087028 -073.9427000
40.8080800 -073.9431560
40.8126570 -073.9549825
40.8114075 -073.9530604
40.8107361 -073.9534640
40.8106823 -073.9541817
40.8100827 -073.9540358
40.8122398 -073.9565134
40.8112500 -073.9554903
40.8113050 -073.9571352
40.8157094 -073.9348678
40.8146945 -073.9353107
40.8135899 -073.9353306
40.8138733 -073.9358761
40.8140141 -073.9363954
40.8130810 -073.9370615
40.8127361 -073.9362578
40.8125306 -073.9351450
40.8114626 -073.9375198
40.8107669 -073.9359825
40.8145519 -073.9624289
40.8140349 -073.9613651
40.8162564 -073.9596479
40.8146533 -073.9596954
40.8129951 -073.9608703
40.8144251 -073.9587336
40.8139040 -073.9592136
40.8138378 -073.9578924
40.8133839 -073.9569144
40.8120909 -073.9576717
40.8126635 -073.9590562
40.8115306 -073.9594313
40.8156686 -073.9376004
40.8150352 -073.9380664
40.8144120 -073.9385302
40.8137609 -073.9389990
40.8118332 -073.9404308
40.8127617 -073.9387257
40.8134481 -073.9403342
40.8124389 -073.9399695
40.8167396 -073.9531635
40.8157386 -073.9536250
40.8150431 -073.9539045
40.8143366 -073.9541643
40.8136079 -073.9543294
40.8127379 -073.9540228
40.8142916 -073.9520534
40.8135916 -073.9523147
40.8124678 -073.9516013
40.8128838 -073.9525511
40.8120548 -073.9525643
40.8192147 -073.9354984
40.8181638 -073.9357380
40.8171735 -073.9354056
40.8162527 -073.9360647
40.8172269 -073.9374613
40.8126362 -073.9500892
40.8120354 -073.9506048
40.8114367 -073.9511283
40.8157819 -073.9478860
40.8145306 -073.9486774
40.8132634 -073.9495873
40.8007755 -073.9516936
40.8000456 -073.9518913
40.7986953 -073.9523020
40.7991722 -073.9537616
40.7998690 -073.9535325
40.8013287 -073.9531261
40.8006005 -073.9533290
40.8022017 -073.9551270
40.8015734 -073.9555866
40.8009447 -073.9560447
40.8003231 -073.9564535
40.8195782 -073.9477437
40.8162583 -073.9512586
40.8036135 -073.9503798
40.8029609 -073.9508559
40.8022580 -073.9512674
40.8020416 -073.9529233
40.8015005 -073.9514904
40.8034778 -073.9541905
40.8028294 -073.9546765
40.8044429 -073.9522627
40.8049938 -073.9536977
40.8042271 -073.9539049
40.8190907 -073.9576764
40.8184662 -073.9581320
40.8157175 -073.9576557
40.8145453 -073.9566971
40.8184598 -073.9538521
40.8185253 -073.9547420
40.8177297 -073.9544428
40.8170537 -073.9547166
40.8164128 -073.9551557
40.8169978 -073.9565661
40.8160183 -073.9561823
40.8150459 -073.9559369
40.8061266 -073.9485482
40.8054996 -073.9490040
40.8048707 -073.9494631
40.8042424 -073.9499226
40.8058946 -073.9518520
40.8076467 -073.9529537
40.8071330 -073.9530978
40.8064438 -073.9532901
40.8057218 -073.9534910
40.8051659 -073.9520570
40.8073230 -073.9513814
40.8066269 -073.9516499
40.8207513 -073.9458083
40.8200975 -073.9461934
40.8194480 -073.9465778
40.8190262 -073.9456039
40.8196508 -073.9451488
40.8184027 -073.9460606
40.8177783 -073.9465182
40.8175126 -073.9477277
40.8164622 -073.9474841
40.8099073 -073.9495026
40.8092330 -073.9499961
40.8085789 -073.9504732
40.8079514 -073.9509310
40.8087075 -073.9466594
40.8080346 -073.9471525
40.8073818 -073.9476279
40.8067537 -073.9480885
40.8191618 -073.9538466
40.8198547 -073.9534199
40.8221356 -073.9549206
40.8215272 -073.9554272
40.8209192 -073.9559792
40.8200020 -073.9569018
40.8112198 -073.9448204
40.8106005 -073.9452801
40.8099771 -073.9457239
40.8093606 -073.9461903
40.8105593 -073.9490264
40.8127724 -073.9464411
40.8124746 -073.9473080
40.8131070 -073.9484924
40.8113575 -073.9476491
40.8118847 -073.9493291
40.8111137 -073.9485053
40.8240573 -073.9552863
40.8246044 -073.9530612
40.8240031 -073.9535611
40.8233928 -073.9540502
40.8227765 -073.9545006
40.8237875 -073.9510759
40.8232404 -073.9517055
40.8226943 -073.9523313
40.8221501 -073.9529578
40.8231640 -073.9496863
40.8226200 -073.9503105
40.8220745 -073.9509370
40.8215284 -073.9515667
40.8137240 -073.9429990
40.8133902 -073.9438719
40.8127921 -073.9429975
40.8124774 -073.9439100
40.8118466 -073.9443765
40.8149196 -073.9458407
40.8143242 -073.9466381
40.8142586 -073.9458251
40.8136655 -073.9467615
40.8246072 -073.9471599
40.8239612 -073.9476332
40.8233382 -073.9480864
40.8227122 -073.9485433
40.8220892 -073.9490018
40.8229913 -073.9459668
40.8228623 -073.9469880
40.8226719 -073.9439201
40.8224545 -073.9449603
40.8163150 -073.9411061
40.8156883 -073.9415591
40.8150407 -073.9420342
40.8146075 -073.9430843
40.8140071 -073.9416626
40.8162402 -073.9448785
40.8155678 -073.9453672
40.8175130 -073.9439485
40.8168882 -073.9444049
40.8270626 -073.9509462
40.8264143 -073.9514821
40.8237025 -073.9490712
40.8243398 -073.9504502
40.8261683 -073.9487850
40.8254959 -073.9492738
40.8248894 -073.9498236
40.8257832 -073.9519709
40.8251841 -073.9525030
40.8182904 -073.9380590
40.8188919 -073.9394809
40.8175664 -073.9401924
40.8169384 -073.9406420
40.8187599 -073.9430391
40.8181362 -073.9434928
40.8200072 -073.9421269
40.8193828 -073.9425800
40.8181889 -073.9397401
40.8254649 -073.9431400
40.8277974 -073.9448249
40.8271742 -073.9452832
40.8265507 -073.9457401
40.8259257 -073.9461962
40.8252779 -073.9466683
40.8272414 -073.9435302
40.8265856 -073.9439035
40.8259517 -073.9443162
40.8253267 -073.9447719
40.8246775 -073.9452441
40.8213728 -073.9374112
40.8207028 -073.9379006
40.8200547 -073.9383711
40.8194298 -073.9388281
40.8212530 -073.9412154
40.8206311 -073.9416729
40.8225724 -073.9402507
40.8219010 -073.9407436
40.8296012 -073.9491265
40.8289564 -073.9495197
40.8283251 -073.9499533
40.8277010 -073.9504109
40.8286881 -073.9469423
40.8280645 -073.9473991
40.8274394 -073.9478531
40.8268161 -073.9483103
40.8250762 -073.9383761
40.8258493 -073.9396043
40.8244728 -073.9388665
40.8238463 -073.9393200
40.8232208 -073.9397780
40.8220240 -073.9369496
40.8299811 -073.9411307
40.8289370 -073.9416849
40.8282746 -073.9420534
40.8278505 -073.9431050
40.8284692 -073.9409457
40.8289502 -073.9436665
40.8283962 -073.9442822
40.8308732 -073.9423793
40.8301807 -073.9427494
40.8295140 -073.9431180
40.8290969 -073.9381481
40.8284230 -073.9385518
40.8277715 -073.9389669
40.8271429 -073.9394167
40.8265203 -073.9398717
40.8283556 -073.9363592
40.8278136 -073.9370982
40.8272875 -073.9377770
40.8267652 -073.9384428
40.8262565 -073.9390878
40.8266738 -073.9363883
40.8261378 -073.9370415
40.8256116 -073.9377308
40.8250690 -073.9353671
40.8221782 -073.9357045
40.8299352 -073.9460302
40.8293117 -073.9464878
40.8309394 -073.9484043
40.8302646 -073.9487391
40.8315189 -073.9448740
40.8316950 -073.9482198
40.8312991 -073.9495578
40.8305604 -073.9455759
40.7615695 -073.9497354
40.7630141 -073.9485461
40.7606576 -073.9507397
40.7598273 -073.9520973
40.7585544 -073.9533913
40.7619888 -073.9504968
40.7547220 -073.9564739
40.7703819 -073.9421383
40.7690725 -073.9443271
40.7664291 -073.9463348
40.7636889 -073.9488749
40.8332228 -073.9399538
40.8325666 -073.9403206
40.8314171 -073.9407298
40.8336111 -073.9409339
40.8329453 -073.9412923
40.8318882 -073.9418377
40.7897009 -073.9286179
40.7901930 -073.9214792
40.8347987 -073.9459383
40.8352031 -073.9478174
40.8342627 -073.9463721
40.8336285 -073.9468878
40.8339223 -073.9451927
40.8325031 -073.9441598
40.8331498 -073.9436838
40.8337729 -073.9432282
40.8081987 -073.9356904
40.8075701 -073.9361433
40.8069470 -073.9365991
40.8056520 -073.9354272
40.8063231 -073.9370522
40.8056997 -073.9375077
40.8050205 -073.9358992
40.8027219 -073.9321507
40.8028887 -073.9349400
40.8371967 -073.9377316
40.8364690 -073.9381616
40.8357111 -073.9385970
40.8351323 -073.9392687
40.8345318 -073.9395285
40.8338644 -073.9395012
40.8378745 -073.9392442
40.8371333 -073.9395511
40.8295107 -073.9359807
40.8303752 -073.9385140
40.8344363 -073.9359970
40.8316695 -073.9374310
40.8384611 -073.9406716
40.8377112 -073.9409855
40.8392653 -073.9423619
40.8384757 -073.9427558
40.8378164 -073.9431225
40.8371564 -073.9434900
40.8369866 -073.9412050
40.8362732 -073.9414146
40.8349223 -073.9401815
40.8356452 -073.9418623
40.8364962 -073.9438538
40.8358472 -073.9441658
40.8342671 -073.9405530
40.8350230 -073.9423179
40.8343979 -073.9427723
40.8365450 -073.9471133
40.8359150 -073.9453189
40.8372493 -073.9456760
40.8378579 -073.9452171
40.8397250 -073.9442628
40.8385100 -073.9447890
40.8402328 -073.9360824
40.8385265 -073.9370703
40.8378544 -073.9373320
40.8419319 -073.9408414
40.8402645 -073.9399946
40.8392920 -073.9382849
40.8386464 -073.9386938
40.8404795 -073.9374142
40.8398872 -073.9378546
40.8429324 -073.9356300
40.8423135 -073.9360829
40.8435258 -073.9370541
40.8429078 -073.9375047
40.8416923 -073.9365294
40.8410795 -073.9369839
40.8440795 -073.9383363
40.8434094 -073.9386431
40.8421273 -073.9391577
40.8416773 -073.9384104
40.8422902 -073.9379566
40.8446645 -073.9397978
40.8439691 -073.9400369
40.8432751 -073.9403063
40.8425840 -073.9405608
40.8421371 -073.9447349
40.8466856 -073.9426668
40.8426274 -073.9433104
40.8476137 -073.9401079
40.8478540 -073.9413387
40.8466137 -073.9412175
40.8454236 -073.9415630
40.8446763 -073.9416806
40.8440074 -073.9419738
40.8433446 -073.9423208
40.8108063 -073.9516355
40.8094496 -073.9524608
40.8096096 -073.9532229
40.8089522 -073.9534019
40.8094556 -073.9545028
40.8081380 -073.9528180
40.8082395 -073.9536104
40.8088250 -073.9549588
40.8081973 -073.9554173
40.8076007 -073.9539946
40.8069730 -073.9544547
40.8069410 -073.9563382
40.8063451 -073.9549135
40.8258969 -073.9403252
40.8252752 -073.9407797
40.8246532 -073.9412353
40.8240268 -073.9416987
40.8233767 -073.9421729
40.8227174 -073.9426930
40.8220920 -073.9432102
40.8214898 -073.9437137
40.8208839 -073.9442180
40.8454760 -073.9356282
40.8448173 -073.9361119
40.8441688 -073.9365847
40.8467480 -073.9347012
40.8461233 -073.9351548
40.8475491 -073.9341226
40.8472213 -073.9343467
40.8474203 -073.9323501
40.8480188 -073.9337718
40.8461508 -073.9332780
40.8455274 -073.9337280
40.8448816 -073.9342063
40.8442132 -073.9346846
40.8435725 -073.9351719
40.8485723 -073.9350831
40.8490302 -073.9362310
40.8477641 -073.9356663
40.8473008 -073.9360129
40.8466763 -073.9364679
40.8460277 -073.9369432
40.8453679 -073.9374197
40.8447162 -073.9378892
40.8467100 -073.9391236
40.8460312 -073.9393003
40.8453768 -073.9395679
40.8478126 -073.9372223
40.8471469 -073.9375961
40.8473835 -073.9388952
40.8507634 -073.9399259
40.8499521 -073.9402261
40.8489663 -073.9381316
40.8490060 -073.9400855
40.8489946 -073.9418898
40.8483448 -073.9398305
40.8485158 -073.9407600
40.8481216 -073.9386125
40.8508148 -073.9408961
40.8507777 -073.9421575
40.8501781 -073.9373105
40.8494533 -073.9377711
40.8505690 -073.9389595
40.8497506 -073.9392885
40.8519278 -073.9276419
40.8512865 -073.9278443
40.8497144 -073.9290776
40.8524816 -073.9286488
40.8518293 -073.9291282
40.8511543 -073.9296402
40.8505126 -073.9301192
40.8499134 -073.9305428
40.8493098 -073.9309657
40.8487146 -073.9314003
40.8480803 -073.9318663
40.8499077 -073.9323902
40.8493150 -073.9328238
40.8486799 -073.9332885
40.8517445 -073.9310482
40.8511023 -073.9315181
40.8505078 -073.9319523
40.8530806 -073.9300710
40.8524277 -073.9305487
40.8529807 -073.9318610
40.8522968 -073.9323604
40.8516545 -073.9328301
40.8510596 -073.9332656
40.8504592 -073.9337022
40.8498685 -073.9341382
40.8492330 -073.9346015
40.8531941 -073.9333808
40.8521605 -073.9340256
40.8515366 -073.9344003
40.8509182 -073.9347852
40.8503046 -073.9351683
40.8496639 -073.9356543
40.8538392 -073.9344181
40.8527687 -073.9349537
40.8512568 -073.9357194
40.8541925 -073.9355348
40.8530991 -073.9359099
40.8582045 -073.9353765
40.8562302 -073.9367935
40.8543488 -073.9376283
40.8534450 -073.9368981
40.8530727 -073.9390416
40.8516338 -073.9385232
40.8515352 -073.9365699
40.8513946 -073.9375883
40.8565820 -073.9376566
40.8552860 -073.9386325
40.8530659 -073.9402851
40.8561188 -073.9263065
40.8572970 -073.9276589
40.8537193 -073.9277455
40.8531067 -073.9281926
40.8543158 -073.9291681
40.8537048 -073.9296153
40.8555785 -073.9282459
40.8549400 -073.9287114
40.8567300 -073.9275077
40.8562040 -073.9277897
40.8560496 -073.9335080
40.8548949 -073.9339714
40.8564674 -073.9289364
40.8560979 -073.9295055
40.8554918 -073.9300214
40.8548688 -073.9304793
40.8542565 -073.9309280
40.8536322 -073.9313834
40.8555351 -073.9322064
40.8546817 -073.9319236
40.8587114 -073.9321360
40.8573097 -073.9328645
40.8571031 -073.9286490
40.8552923 -073.9314840
40.8566738 -073.9292663
40.8560123 -073.9358098
40.8565244 -073.9346768
40.8574539 -073.9317358
40.8584485 -073.9288777
40.8598274 -073.9283744
40.8594769 -073.9293825
40.8592189 -073.9305564
40.8607184 -073.9263004
40.8591003 -073.9285741
40.8624018 -073.9258235
40.8620972 -073.9267161
40.8617953 -073.9275463
40.8611866 -073.9298095
40.8601506 -073.9299418
40.8614360 -073.9285067
40.8661352 -073.9288285
40.8671027 -073.9301752
40.8666062 -073.9296003
40.8638477 -073.9290956
40.8629517 -073.9290246
40.8643535 -073.9270702
40.8639776 -073.9279175
40.8652332 -073.9231336
40.8661940 -073.9237523
40.8633266 -073.9216915
40.8629941 -073.9226437
40.8654361 -073.9258371
40.8644679 -073.9251933
40.8634936 -073.9245734
40.8624885 -073.9239348
40.8642575 -073.9225090
40.8669830 -073.9182195
40.8676577 -073.9191277
40.8655662 -073.9190058
40.8639622 -073.9200817
40.8668819 -073.9218614
40.8659298 -073.9212476
40.8674561 -073.9202116
40.8665363 -073.9196047
40.8649545 -073.9206230
40.8683253 -073.9253405
40.8670676 -073.9275497
40.8668336 -073.9259133
40.8662332 -073.9269818
40.8677999 -073.9247691
40.8670761 -073.9243120
40.8690731 -073.9229614
40.8684837 -073.9228824
40.8677562 -073.9224180
40.8720640 -073.9230395
40.8622642 -073.9213089
40.8617542 -073.9226647
40.8610328 -073.9218477
40.8603474 -073.9224153
40.8612998 -073.9233647
40.8607613 -073.9237282
40.8597479 -073.9229504
40.8637417 -073.9182422
40.8631042 -073.9186810
40.8625031 -073.9191595
40.8618599 -073.9196206
40.8693802 -073.9158884
40.8683008 -073.9172396
40.8678098 -073.9180198
40.8691687 -073.9188607
40.8683300 -073.9207417
40.8691460 -073.9212388
40.8716275 -073.9191794
40.8709552 -073.9185903
40.8702857 -073.9178436
40.8696214 -073.9170838
40.8706173 -073.9155949
40.8715845 -073.9160234
40.8709082 -073.9168834
40.8717489 -073.9174721
40.8722985 -073.9183842
40.8767497 -073.9083083
40.8749059 -073.9076024
40.8767445 -073.9076339
40.8747242 -073.9087097
40.8751917 -073.9096694
40.8754339 -073.9108279
40.8772216 -073.9097822
40.8764383 -073.9090665
40.8763245 -073.9102679
40.8762062 -073.9114523
40.8774951 -073.9120597
40.8769676 -073.9116515
40.8753445 -073.9126503
40.8392440 -073.9347157
40.7180530 -074.0168430
40.7129024 -074.0153782
40.7176395 -074.0148537
40.7170456 -074.0135231
40.7167687 -074.0155824
40.7156816 -074.0161187
40.7106164 -074.0153155
40.7110906 -074.0170402
40.7099050 -074.0174882
40.7090321 -074.0179053
40.7093156 -074.0173093
40.7090954 -074.0156711
40.7090819 -074.0164479
40.7072102 -074.0164608
40.7065542 -074.0181344
40.7061296 -074.0169535
40.7053910 -074.0171698
40.7028764 -074.0148971
40.7025829 -074.0167146
DEMAND_SECTION
2
988
1344
726
297
51
4
259
296
274
246
629
260
467
380
441
414
452
428
437
1981
559
1270
454
670
327
709
835
499
672
206
1380
633
473
643
765
1267
5
471
220
970
2011
201
1077
154
1258
89
570
298
787
1
2
559
976
1658
1962
1720
1717
107
376
244
522
446
3
159
13
8
53
82
50
35
40
2
179
89
13
8
1434
394
372
356
647
329
242
324
319
381
2873
310
422
968
162
56
862
927
119
540
12
17
395
166
118
700
8
577
1453
371
3
756
736
1513
752
285
11
257
499
444
469
65
2
105
287
13
18
70
285
512
7
163
548
192
2263
222
13
149
44
136
164
325
429
462
172
993
636
279
137
18
573
9
1036
12
734
349
1471
94
72
594
203
3
1615
350
951
783
495
361
774
470
207
19
510
588
384
149
22
465
579
224
63
445
167
335
280
615
198
65
574
528
490
385
183
807
709
857
691
1237
570
665
305
351
310
335
348
255
541
150
176
529
148
385
175
858
61
691
606
439
468
991
363
463
418
526
530
725
1331
3
2402
966
942
281
688
476
304
495
307
443
297
481
1943
603
402
383
1200
408
505
482
407
479
607
538
850
827
950
423
636
715
748
693
1012
2
133
696
380
53
950
1149
546
1274
876
668
320
631
700
117
689
631
725
431
430
436
876
418
114
342
335
850
4
623
300
269
493
523
330
50
473
421
622
388
1030
895
476
705
3
156
26
375
1091
84
19
796
878
857
722
753
875
705
672
722
1105
74
871
124
139
355
248
200
732
174
664
19
65
135
39
26
209
226
172
25
47
115
48
362
329
70
167
260
129
77
783
928
766
770
170
721
771
570
1133
416
506
362
638
954
517
669
758
322
828
376
198
8
1
5
181
36
11
175
306
131
60
85
244
359
113
376
59
16
4
55
86
28
108
623
98
795
417
803
820
573
1069
1028
559
852
797
803
89
160
3
51
123
47
408
12
73
130
267
85
186
89
36
99
80
1479
851
162
29
310
145
95
78
176
189
150
258
896
1029
553
913
479
270
730
800
319
1263
408
991
227
412
393
91
260
502
268
762
580
235
565
587
360
247
82
160
363
332
68
109
299
574
341
2193
811
1070
567
504
366
865
309
149
495
593
29
14
43
127
59
647
574
2298
1359
1453
988
1222
3192
1295
986
2055
1132
558
269
124
110
351
9
13
89
36
29
39
67
57
472
256
126
118
103
145
17
26
5
146
162
155
114
174
43
239
148
18
1137
850
288
468
1505
59
72
1369
782
697
2
261
181
160
147
155
202
273
243
206
143
150
547
540
357
520
437
420
214
14
64
440
488
404
121
149
245
85
864
703
776
488
419
204
180
72
13
23
108
22
298
281
886
902
115
100
232
159
333
744
1179
1674
372
906
203
860
900
963
155
302
258
162
34
57
97
78
43
117
12
316
461
165
832
391
159
3
1001
927
9
594
1
314
1319
71
301
181
24
447
600
35
721
506
81
711
387
475
750
292
98
640
917
109
186
207
777
950
212
235
428
217
183
215
222
192
444
218
221
221
207
221
449
221
207
198
312
158
571
1152
396
1173
287
5
451
267
452
736
1439
156
2106
865
1066
585
722
1364
941
589
248
1220
710
1095
431
691
944
87
347
1587
978
371
986
244
1
5
28
84
1024
167
373
331
198
724
505
524
637
1181
410
832
743
770
1257
1235
1077
1573
551
555
299
1257
502
638
444
331
360
362
433
1
2
148
231
40
10
162
335
157
78
562
96
524
45
158
537
514
462
314
719
537
1939
276
459
262
806
441
190
45
799
264
349
384
114
10
61
434
2
297
1318
1078
771
632
792
933
779
1102
1466
840
1378
236
361
13
57
321
563
468
111
216
9
620
236
1064
672
433
525
467
357
503
839
466
512
1247
676
903
277
229
363
707
566
62
397
361
591
378
177
21
223
438
304
210
356
20
192
84
2
257
582
569
18
963
156
213
364
135
272
281
111
655
341
75
87
422
161
428
10
141
435
421
461
304
134
169
212
224
134
46
1207
14
397
182
8
73
222
128
916
241
705
414
700
32
63
446
315
72
706
325
77
391
364
199
1105
38
52
135
273
71
221
339
698
580
87
695
566
1291
441
1020
779
7
558
5
388
333
261
601
116
281
172
219
418
18
89
428
128
290
130
219
685
147
460
596
710
666
685
601
608
755
941
537
1082
922
1359
1519
932
2
14
5
208
359
101
366
214
531
336
823
303
392
526
537
315
737
1585
1
156
34
626
528
18
232
1
617
739
7
1254
1544
962
896
115
491
349
442
657
850
643
220
1010
923
1123
912
251
4
112
407
915
506
1191
827
954
405
681
773
660
825
566
719
1045
601
101
1191
418
791
309
1905
981
230
1401
329
253
1266
473
120
416
580
872
998
844
194
935
872
338
3
7
2
309
492
530
125
550
605
642
407
955
1044
1080
892
594
529
693
789
8
54
7
2
2
106
238
276
614
216
157
1433
96
17
15
22
5
577
1119
615
1010
607
1296
847
426
506
469
590
926
1139
658
924
831
10
4
47
5
85
4
74
113
77
4
9
53
316
4
3
969
168
162
325
4
97
6
586
347
96
126
43
138
62
9
57
35
155
16
844
6
15
8
30
12
145
14
930
502
5
612
9
537
297
129
3
1106
1069
1360
1152
1498
271
24
62
481
328
1545
955
264
265
816
1030
488
293
868
462
1415
801
1101
479
1104
653
665
710
12
168
3
1472
851
510
525
493
1132
517
210
533
293
355
277
1
730
165
475
315
80
199
460
117
141
35
269
214
312
522
166
304
185
9
115
132
109
418
354
38
388
94
36
2
79
292
168
201
194
146
319
16
76
429
386
529
1
332
247
218
255
763
27
215
258
505
73
167
98
121
76
651
513
128
1251
1000
758
2601
5
1468
1022
287
822
820
937
847
1392
399
773
54
2
389
1
673
1
349
546
230
253
382
193
272
293
419
212
189
86
547
343
1174
2625
879
463
914
1259
605
292
256
78
204
344
380
350
252
234
80
122
125
401
397
410
321
1393
1666
1792
1660
1026
1088
642
630
833
41
48
4
150
675
720
248
909
1090
1532
1207
918
356
1424
1494
1329
1191
1324
1320
597
642
747
1166
423
1293
740
829
502
580
458
367
343
617
210
4
491
452
281
536
600
1
320
978
209
424
452
300
152
145
1
571
2290
3
160
32
347
383
257
332
347
375
323
301
305
286
34
193
328
384
419
191
337
194
612
526
537
1645
530
897
1133
879
1199
1552
162
1685
756
152
688
759
750
598
698
384
819
704
808
1170
892
1670
918
1142
490
926
1361
1624
981
863
1
148
57
1086
323
1213
853
1258
72
14
708
1296
1125
1515
396
1176
1677
1158
415
170
594
485
59
1448
1325
1196
1309
1081
681
557
194
391
176
936
263
535
422
907
328
843
1451
1070
791
796
1226
1499
403
738
1825
1802
1399
969
590
762
1489
1364
1146
1538
997
492
816
388
814
512
499
493
244
480
590
270
616
602
144
419
179
476
429
379
365
322
59
203
217
387
383
500
7
3
2
5
5
2
1
1063
1572
1113
1116
1263
796
284
674
1222
298
658
1548
1088
983
1238
229
478
685
90
751
1134
837
892
1411
829
640
1644
990
1163
981
1657
853
1902
932
534
809
588
857
917
606
579
464
605
830
624
746
838
790
385
1100
1214
1129
1224
762
333
772
427
459
703
843
710
622
594
677
139
314
376
1317
1940
680
1400
2969
481
895
1045
525
1176
984
1230
939
881
305
823
1090
304
1069
310
1074
951
1166
975
372
1041
2295
1161
1728
1162
1304
1375
1052
1153
1478
1169
94
139
1357
761
1112
651
4067
981
863
780
2721
107
1066
1125
1174
126
1499
1812
891
1196
1159
1385
1509
110
676
689
599
800
662
615
312
703
484
1171
944
121
791
319
829
713
250
1263
790
941
55
608
611
1
1169
969
1424
866
4
603
318
264
306
253
200
558
372
777
854
977
523
505
260
345
1001
1023
989
1224
1090
1601
1614
1467
1542
743
518
992
691
140
19
905
570
955
634
340
516
849
592
451
411
136
246
564
560
876
665
457
300
302
300
305
328
262
1208
1373
1629
1458
877
1065
268
466
535
599
1049
541
1076
525
351
463
420
507
517
797
34
246
512
802
558
582
290
172
621
764
359
827
823
894
1491
185
988
728
461
105
1244
1202
1481
307
550
996
1076
1252
517
523
515
420
667
879
822
260
1338
259
287
2
1366
986
630
853
642
200
540
746
364
955
1075
785
1213
432
102
444
380
823
759
313
225
108
291
382
328
359
558
1499
863
1026
956
1243
836
1047
1469
781
899
1022
1073
433
1040
518
1409
166
920
1067
1490
1705
758
652
561
724
733
900
815
495
918
1320
451
340
211
963
425
837
370
900
1016
1400
543
588
917
665
466
733
1260
1017
775
541
635
1169
438
386
912
671
671
818
925
1048
236
980
865
237
510
824
564
282
305
700
1582
1166
1825
1138
1515
1245
395
669
557
628
388
433
487
209
207
1290
364
547
282
336
371
688
17
944
611
1048
763
1085
498
511
315
636
335
650
566
367
479
276
407
831
445
585
640
875
855
800
425
850
1168
1882
1140
333
385
402
426
340
601
1423
1092
363
336
668
1038
1092
930
455
432
841
819
744
736
517
702
778
148
806
906
687
977
1016
690
299
610
559
758
608
811
608
895
606
697
470
995
757
926
989
959
970
340
783
990
600
868
886
943
390
749
703
921
754
777
614
602
364
2
826
1039
495
235
292
331
602
728
851
674
702
722
490
472
1293
1057
328
1090
2666
630
134
638
291
405
1794
567
967
476
783
2
181
1373
1132
1278
1438
526
1234
255
3
141
216
455
218
139
33
328
180
120
83
2
30
600
9
654
298
598
540
130
104
454
85
284
276
49
425
105
2
911
1070
538
944
1760
1714
1525
31
1571
262
399
437
211
431
334
334
173
1054
613
64
516
497
463
661
420
223
552
533
1497
384
1752
23
193
138
880
1355
1698
1035
449
226
324
245
379
250
254
111
514
190
777
967
537
1048
769
627
223
808
818
747
599
683
234
112
2
403
1274
640
325
602
442
375
184
368
349
329
518
1553
1917
5
1692
1330
988
768
647
577
1258
576
615
1099
775
807
1196
57
3
790
406
385
768
1005
430
207
318
173
172
1121
773
341
385
694
35
214
2
1170
1580
110
71
214
618
1503
552
702
486
6
816
957
503
559
660
720
1144
1003
4
2
622
791
812
60
541
1295
704
302
427
1063
195
53
467
523
820
568
1149
590
550
553
530
25
199
558
587
539
584
1
4
276
505
475
1126
516
289
289
205
332
247
208
159
12
434
66
28
670
660
101
1
573
545
1425
2475
952
1373
1692
3385
702
786
357
475
110
504
638
554
1130
635
536
2
1268
1116
1171
1430
573
550
460
300
404
645
892
1338
861
363
232
429
264
260
370
469
530
203
253
315
263
525
676
477
438
1714
1007
853
790
282
297
646
366
491
516
306
807
174
1249
1013
1497
1559
910
785
182
1157
427
970
1135
295
1291
1296
1353
1912
303
624
391
442
347
420
268
391
301
466
664
468
1135
1239
706
1177
1564
1027
782
727
255
377
979
1127
1518
762
1163
5
1130
685
1305
177
669
166
183
172
2191
365
460
797
583
418
361
228
389
431
410
32
476
482
305
52
280
458
799
380
3140
1464
1321
1253
874
3
1127
81
688
1199
392
377
685
1188
4970
912
1905
3
23
7
414
326
250
507
480
394
1303
345
181
1653
1240
294
11
1196
1638
1429
532
323
532
13
490
669
167
322
348
688
799
681
159
115
693
545
266
166
2273
2596
2335
923
1258
1262
1036
972
598
1511
1058
261
1669
802
99
357
1276
1852
1087
1598
1532
1590
308
959
298
458
345
389
3
300
556
727
551
919
906
818
993
1140
894
527
84
1
212
586
1017
1040
1173
926
1
451
1435
241
669
284
983
714
588
405
108
370
2
314
255
3
261
217
340
409
541
591
465
373
380
417
379
399
256
399
492
401
1078
638
881
983
597
821
861
756
760
907
917
1052
960
876
403
391
1543
792
687
516
470
653
769
770
323
654
139
619
641
365
11
1
145
459
297
936
245
687
1424
843
543
424
464
628
1081
924
610
332
362
811
158
301
293
377
272
413
692
650
584
845
804
445
760
510
655
422
275
400
482
336
379
146
304
240
321
400
586
856
679
138
708
813
1196
1474
770
841
430
631
453
1762
785
237
684
299
807
814
1015
910
545
990
561
359
118
816
633
726
702
566
1296
451
543
795
1399
357
970
761
2106
754
3328
407
820
227
853
1238
717
1616
1817
789
483
1794
79
277
349
718
726
838
1048
2041
984
1222
418
241
1396
1711
1962
1313
1236
212
518
1450
610
1319
841
1071
1776
1093
777
875
527
1067
843
405
641
713
161
437
322
397
392
436
384
394
89
641
126
216
171
881
394
235
304
413
327
444
85
499
746
320
731
716
921
355
2412
333
91
560
708
283
605
401
945
243
646
881
2
644
2926
911
427
2355
446
1091
9
698
580
6
419
12
695
1416
556
195
10
1
EOF