NAME : Kings
TYPE : MCLP
EDGE_WEIGHT_TYPE : 32
DIMENSION : 32
NODE_COORD_SECTION
409154 435528
409151 435683
409277 435420
409260 435538
409240 435695
409213 435897
409199 435982
409178 436078
409174 436171
409147 436256
409469 435389
409378 435463
409378 435563
409351 435734
409328 435891
409275 435982
409289 436065
409272 436188
409208 436263
409754 435326
409609 435201
409565 435307
409577 435510
409515 435614
409478 435707
409442 435810
409442 435913
409408 436075
409344 436201
409398 436213
409638 435143
409683 435349
DEMAND_SECTION
50
4
33
15
1
5
87
91
45
1
41
23
26
301
53
1
80
118
1
1
15
12
60
35
138
1
173
61
1
21
8
18
EOF